[-0.33010039 -0.43938363]7
[ 0.35601252  0.28041449]7
[ 0.47230065 -4.12251854]2
[-0.28495902  1.62386513]1
[-0.30002642  0.35890296]0
[ 0.94894838  0.77837968]4
[-1.08580768  0.88661486]1
[ 0.27355805  2.14318824]4
[-1.17814112 -0.20873731]9
[ 0.50749707  1.14940059]5
[ 0.13160715  1.13672125]9
[ 1.12849951 -0.12518069]0
[ 1.33305216  0.32348099]6
[-0.03121704  0.96698999]9
[ 0.32113221  0.15300688]0
[-0.38257217  0.0434122 ]1
[ 1.77799165 -1.59676325]5
[ 0.71315008  0.40493706]9
[ 1.03036189 -0.14231366]7
[ 1.25342512 -1.46871543]3
[-0.05964622  1.1628902 ]4
[-0.95726919  0.85678732]9
[-0.60024035  0.27833465]6
[ 0.36467505  0.86396492]6
[-0.41431135  0.30122712]5
[-0.2347464   1.11769497]4
[ 0.66311669 -0.54121882]0
[ 0.7211799  -0.14433673]7
[ 0.71527767  0.95006227]4
[-0.38191831  0.09738059]0
[ 1.17009735  0.03728693]1
[-0.92217994 -0.89036167]3
[-0.63112026  1.66913867]1
[-0.81429005 -1.01120794]3
[ 1.51052654 -0.56747675]4
[-0.68082166  0.02193265]7
[ 0.47404465 -0.04361532]2
[ 0.51500404 -0.65144169]7
[ 0.37011448  0.27727935]1
[-0.78191686 -0.95458531]2
[ 0.2725738  -0.76327813]1
[ 1.20487714  1.76891637]1
[-0.03402042 -0.77809066]7
[-0.77164519  2.16459298]4
[-0.37649333  2.03011513]2
[-2.1804738 -1.8936373]3
[-0.64574516 -1.28710616]5
[-0.67912441 -0.67010921]1
[ 0.20086116  0.98788744]2
[ 0.55409491  0.80100399]4
[ 1.64028144  1.85445166]4
[-1.20966959 -0.16704971]6
[ 1.27268708 -1.61151803]3
[ 0.34425044  0.97044826]5
[ 0.78226918 -1.34545207]5
[ 2.12297368  0.64732969]6
[-0.8284508  -0.33951318]0
[ 1.90144956  1.33961332]4
[-0.21952432  1.51947784]1
[ 1.09131145  0.67266494]9
[ 0.33416665  2.39818311]5
[ 1.51506543 -1.00025475]7
[-0.0433037   1.14664876]8
[-1.18900585 -0.116368  ]9
[-0.89650023 -0.18900901]3
[-0.26742285  0.16847964]7
[-1.35702348  0.50764501]4
[ 1.98152828 -0.30534691]6
[ 0.75437337  0.78962445]4
[-0.63612258 -0.10860182]3
[ 2.18428206  1.95855057]0
[ 1.51371896  0.64201319]7
[ 1.51575708 -0.25902197]0
[ 1.02082348 -0.86843747]2
[-1.16399741 -1.15667915]9
[ 0.59259272 -0.01883382]1
[-0.26972795 -0.61188471]7
[-0.92625475 -0.90132058]3
[-0.11125946  1.00820708]2
[-2.03859997 -0.50140202]9
[ 0.20396551  1.17287648]7
[-0.5579105   0.43531048]7
[-0.19936877  1.03382373]6
[ 0.46882474 -0.6666286 ]2
[ 0.24241287  0.1461243 ]7
[ 0.54344851  1.37740159]8
[ 1.1293031   1.35257733]4
[-0.88366663 -0.00554565]7
[-0.36192232 -1.09797621]3
[ 0.3045859   0.60000914]6
[-0.79063952 -0.13964179]1
[ 0.11361076 -0.31505513]3
[-0.98214793  0.62510401]6
[-1.59419298  1.02477562]9
[-0.635445   -0.48355663]3
[ 0.04526937 -1.33082342]1
[ 0.43197072 -0.3489396 ]4
[-0.08856094  0.4457441 ]1
[-0.46017683 -2.94625473]7
[ 0.05764946  1.56040204]6
[ 0.76183057 -0.74954438]9
[ 0.52510929  0.16500624]6
[ 0.7576381   0.05610868]0
[ 1.9319768   1.91263795]5
[ 1.63571072  1.50231338]4
[ 0.54180825 -1.10089493]9
[ 0.67225409  0.29569855]9
[ 1.44119239  0.51794547]2
[ 1.46677589 -0.12401067]1
[-0.50404656 -0.75890434]9
[ 0.01024368 -0.13779733]4
[-0.46728098 -1.07902801]8
[-2.31314301 -1.57410407]7
[-2.57383442 -0.75769675]3
[-0.48474646  0.38399804]9
[-0.3773436 -2.1311872]7
[-0.97016513  0.24763137]4
[-0.88937914  1.16841245]4
[ 1.69719803  0.91517955]4
[-0.79574752  1.45478463]9
[ 0.21538399  0.05925675]2
[ 0.64195025 -0.33795592]5
[ 0.17071149  0.39625955]4
[-0.43524361 -1.39506018]7
[ 0.3728376  -0.71726948]6
[ 1.27257264 -0.11626811]7
[-0.93009377  0.92927915]9
[ 1.556602    0.55773562]0
[ 0.54896641  1.17544675]5
[ 0.02352551  0.02507367]8
[-0.49134535  0.12298589]5
[-0.13055363  0.62431914]6
[-0.06797069  0.16415983]6
[ 0.62205684 -0.97310162]5
[ 0.32853436 -1.33903801]7
[-0.56315994 -0.39302808]8
[-0.21000481 -0.33848941]1
[-0.43839729  0.04814876]0
[ 0.17461963 -0.76380378]1
[ 0.74554831 -0.11967681]6
[-0.02315426  0.38238558]4
[-1.44829822  0.42250296]6
[ 0.98356879  0.22091252]7
[ 0.35559157 -0.55180168]3
[ 0.58617711  0.64877683]1
[-0.6790809  -0.81922656]7
[ 0.97818828  0.60685468]1
[ 0.01761082  0.65287876]8
[ 0.43829006 -0.28654328]2
[-0.37618476  0.0337794 ]0
[-1.60531414  1.93762231]2
[ 0.33571178  0.05109749]9
[ 0.73284429 -0.33224505]9
[-0.45510459  0.72487628]5
[ 0.0019353  -0.75497705]5
[-0.88335061  2.01059985]1
[ 0.0292677   0.84386927]5
[ 0.55164433 -0.55958623]6
[-0.57603848  0.15116781]0
[ 0.30675438 -2.44467449]3
[-2.31564903 -0.11042771]4
[-0.07086354 -0.78589702]4
[ 0.79863364 -0.64757079]6
[ 0.17266881 -0.24979633]5
[ 1.18760991  1.49607217]4
[ 0.29803658 -0.80006653]6
[ 1.08886659 -1.65845025]5
[ 0.08441742  0.06331635]4
[ 0.97281575  4.9059515 ]5
[ 0.48593032  0.14737874]1
[-0.8727814  1.7089932]4
[-0.56747532  1.29685342]4
[-0.56938648 -0.08280159]7
[ 0.12580892 -0.96847594]2
[ 1.08433032 -0.85917586]3
[ 0.48895061 -1.4188292 ]2
[-2.62066865 -0.90175653]7
[ 1.33138835  1.19804132]1
[-0.47825396 -0.68250555]8
[-0.76370823  1.04167163]1
[-0.20430568 -1.20693254]8
[-0.89013338  1.56966007]1
[-0.33956563 -2.10643768]8
[-1.94379044  0.07516252]5
[ 1.89378595 -0.33219862]0
[-0.00565264 -2.55919528]8
[ 0.56787789  1.33941388]9
[ 0.37889555 -2.23503256]2
[ 0.71297312 -0.9463532 ]5
[ 0.79421371 -0.93916655]0
[-0.06637585  1.60861719]1
[-0.98913121 -1.33310056]1
[ 0.45015696  0.41863811]1
[-1.07450855 -1.310426  ]0
[-0.10183302 -1.80219352]9
[-0.06288099  0.02308182]0
[-2.43775487  1.84344578]3
[ 0.52438831 -0.82058674]1
[-1.18023241  1.53575516]6
[-0.2978515   1.76468992]4
[-0.39932197 -0.47815204]2
[ 0.66762084 -0.21995503]3
[ 3.39486933 -0.26425475]6
[-0.34029901  0.77035791]1
[ 0.18911871  1.80393994]1
[-0.53050166  1.55471718]1
[-1.27205133 -1.49650347]3
[-0.39335585 -0.56209505]9
[ 0.71349382 -1.47333539]5
[ 0.46651161  0.91706556]2
[ 0.18355064 -1.80548418]9
[ 1.66826236  4.07033443]4
[-0.57562679  0.67630804]5
[ 0.18402922 -2.02758336]9
[-2.70852566  0.07566043]3
[-0.45117676 -0.43584573]9
[-0.84460533  0.73325115]0
[-1.06062651 -0.12844947]3
[-1.37102783  0.62344497]6
[-0.67086464  0.44414955]5
[ 0.19678169 -0.55260783]5
[ 0.4241274  -0.27099103]7
[ 0.61778086 -0.26789099]2
[ 1.02203476  0.82799643]2
[-0.13870075  0.58369064]7
[ 0.3970207   1.96515799]1
[ 0.88981092 -0.36688817]2
[-0.20396343 -0.33830014]8
[-0.58982182 -0.38589498]4
[ 0.60269266  0.54484707]1
[-1.14432335 -0.08308954]7
[-1.00959301 -2.14603305]3
[-1.91906595 -0.92028821]3
[-0.11517572 -1.09847283]8
[ 0.28644431  0.42867392]8
[-0.99309874 -0.72644532]7
[ 0.89172614 -0.69849837]9
[ 0.10250413 -1.00993168]2
[-1.59797966  0.24400684]2
[-0.05437514  0.6557588 ]4
[-0.40461141  1.20044684]1
[-0.59266496 -0.89921618]5
[ 0.61862475 -0.67107093]9
[-0.23387814  0.85804111]8
[ 0.34056956 -2.31651783]7
[-1.55661798 -0.21648791]2
[ 0.67751074 -0.00486048]3
[ 2.2718277   0.56425929]0
[ 0.32119521 -1.32410467]4
[ 1.12846649  0.98855048]4
[-2.63429737 -1.95435703]2
[-0.26832569  0.16936222]4
[ 1.79628313  0.34423536]1
[-0.31581849  0.33863175]9
[-0.52556366 -0.8814097 ]5
[-0.1390703  -0.42782557]7
[-1.11786759 -1.06760728]7
[-1.50485098 -1.45724213]2
[-1.97685456 -2.08012009]8
[ 0.91262776 -0.25264335]2
[ 0.97772717  1.25158143]6
[ 0.08679101  1.03543127]8
[-1.07491565 -0.13359502]5
[ 0.27633467 -0.11149829]7
[-0.9898932  -0.07819555]7
[-2.56176949 -0.2554155 ]9
[-0.37074184 -0.22244084]1
[ 0.65071452 -1.11276019]8
[-1.08456409 -0.04434521]1
[ 1.57652247 -0.14452368]8
[ 1.83720875  1.42480481]0
[ 0.27712354 -0.89399588]3
[-0.17972654  0.72311819]0
[-0.51665688  1.22687471]1
[ 0.50361943  0.40083888]9
[ 0.47926521 -1.08956254]9
[ 0.50008047  0.95768476]4
[ 0.09589724  0.02212933]1
[ 0.0631822  -0.49914795]8
[ 0.39723325 -0.49968147]2
[-0.91908503  2.72194505]1
[-1.17356229 -3.67468023]2
[ 0.19321373  1.7644403 ]9
[-1.27384627 -1.06440961]7
[-0.83769345  0.75844401]5
[ 0.56917953  0.15848216]9
[ 0.53892612 -0.7819972 ]2
[-2.1563549   2.09630203]6
[ 6.09103441  0.55456823]4
[ 0.29620656  0.08188868]1
[-0.17315489 -1.38579786]5
[ 0.50801051  0.03394437]8
[-0.92070162 -1.0115726 ]2
[-0.33467788  0.79148912]9
[ 0.53764284  0.19845623]2
[-0.02057618 -0.06564666]0
[-0.31483746  1.90610027]4
[ 1.24524164 -0.51686627]0
[ 2.3888464   1.71643138]0
[-0.44964415 -0.45951569]2
[-0.03135288 -1.49558151]8
[-0.66654128 -1.97985709]4
[ 0.3298071  -2.33294082]7
[ 0.03024942  0.7484622 ]1
[ 0.24760216  0.7610786 ]2
[-1.88996696 -0.09482739]4
[ 3.6240499   0.43978122]0
[-1.62417436 -2.41609192]2
[-1.04699564 -1.39513075]7
[-0.31437588  0.56972188]4
[-0.85231829 -2.66554952]3
[-0.71042311 -1.08179939]3
[ 0.73521239  0.52844334]0
[-0.29289871  0.07565469]0
[ 0.57908732 -2.64518428]3
[-0.51203829  0.37704974]1
[ 0.83469373  0.61185431]9
[-1.41457283 -0.0035477 ]6
[  2.00241804e-04   3.47263956e+00]5
[ 0.87314862 -0.32416451]2
[ 2.19423771 -1.23882782]5
[-2.7743156  -1.59162223]9
[-1.13652301 -0.87333155]2
[-0.32355642 -0.25701958]9
[-1.7025696  -0.47589552]3
[-0.70183891  1.03238833]0
[-0.05649579  0.0552911 ]4
[-1.86908436  0.29963809]2
[ 0.18856321 -0.43003196]0
[-0.53266561 -1.02295244]7
[-0.92889726  0.39846963]1
[-0.84716141  1.14926708]1
[ 0.01960173 -1.8559643 ]2
[-1.1098001  1.2271111]1
[ 0.79105169  0.46314698]5
[-0.23392981 -0.64338338]3
[-0.85189998 -0.84893209]3
[ 0.24251892 -0.0711169 ]9
[ 0.75112015 -0.39074266]7
[ 2.41356611 -0.05339526]8
[-0.30937952  0.96780127]6
[-1.53518939 -3.28093171]5
[-0.2089119   1.01359737]6
[ 0.21327507  0.44317818]1
[ 0.84034872 -0.23446241]3
[-0.23502547 -0.84438121]8
[-0.76668715 -0.23407707]1
[-1.89133024 -0.41633046]0
[-0.04741704  0.7606799 ]5
[ 0.35006624  0.19638902]1
[-1.35718226  1.78672898]3
[-0.95509946 -0.57170433]1
[ 0.03676823 -0.44358611]5
[ 2.17646599 -0.5230276 ]5
[ 1.6711458  -0.70961016]6
[-0.74266195  0.77062821]1
[-1.02263415  0.33228379]8
[ 0.12887821 -0.41627818]5
[-0.21651411  2.37388444]1
[-0.6137237  -0.02315181]7
[ 0.02954102  0.2893756 ]9
[ 4.53850269  0.4761312 ]4
[-0.04554024  0.99441975]6
[ 0.33714402 -0.77628446]2
[-1.78465533 -3.06047225]2
[ 0.53585929  0.36933118]5
[-0.85664117  0.01138791]0
[ 0.70327276  0.10758799]6
[ 1.29101396 -0.12871206]5
[-1.06727278  0.42223233]6
[-0.34668308 -0.36521438]3
[-0.71026421 -0.29572418]7
[ 0.25960433 -0.76170146]2
[ 1.31000805  0.40999353]0
[ 0.04394937  0.08608404]8
[-0.13935617 -0.53119004]8
[-0.12282857  0.51079893]5
[-1.65797615  0.67272234]4
[ 0.38247076  1.17735016]1
[ 0.07025313  1.24414361]1
[ 0.9665212   0.99636501]4
[ 4.54469728  1.57922876]0
[ 0.2960645  -0.56876594]3
[-0.51934189 -0.33222887]3
[-0.45542306 -0.35549861]7
[ 1.69453084 -0.34100103]6
[ 0.43654364  1.604545  ]1
[-0.62322587 -0.21903336]6
[-0.16740075  0.15212956]2
[ 0.78047991  0.66376215]1
[-0.98191166 -0.72525156]9
[ 1.62784982  2.03173423]2
[ 0.02692598  0.17433727]8
[-0.63566941  0.11267981]6
[-0.00781554  0.99988014]1
[ 0.33506036  1.05993152]9
[ 0.38705367 -0.95946848]5
[-1.32907093  0.2334407 ]2
[-0.29117799 -1.29362762]5
[ 1.42480206  1.8371743 ]4
[ 0.90556085  0.9475168 ]4
[ 0.01674268 -0.18288147]2
[-0.23803926 -1.55892205]8
[ 1.58124924 -0.7326715 ]3
[-0.20362219  2.02566838]8
[-0.75055945 -0.15638262]2
[ 0.3887828   1.15253949]4
[ 0.7055127  -0.77655482]5
[ 0.73443842  0.45105779]0
[ 0.60650605 -1.29562366]3
[-0.42333299  0.44649503]1
[ 0.27161592  0.08048432]7
[-2.65226889 -0.25392228]7
[ 0.55488199 -0.83504719]5
[ 0.92259598  0.00648259]7
[-1.25896537  0.50012314]9
[ 0.5394305   0.65705067]7
[-0.30432039  0.09825175]1
[-1.06022453  0.0333591 ]9
[-0.42362684 -0.31100067]2
[-0.59952331  1.95389354]1
[-0.08189005  0.13396621]4
[ 0.57410812 -0.18955886]2
[-0.26276124 -0.49547255]9
[ 0.35413653 -1.08393252]2
[ 1.0935216   0.04328376]0
[-0.23630846  0.66550481]4
[-1.29979718 -0.32447261]9
[ 0.15276563  1.19412041]1
[-0.31682533 -0.22244018]4
[ 0.04049194 -0.13387603]8
[ 0.36279768  0.7054714 ]1
[ 0.77705413 -0.29577672]8
[-1.23938525 -1.56943524]4
[ 0.27640146  0.96203238]5
[-0.77010584  1.0551132 ]9
[-1.03791511  0.01689833]8
[-1.01518178  0.61441875]8
[ 0.89723229 -0.45769024]3
[ 0.11877228  0.4121632 ]7
[-1.28206372  1.13967144]6
[ 1.04303837  0.51077992]0
[-0.54570043 -0.0922297 ]0
[-0.16845918 -1.31944704]3
[-2.35313892 -0.09409533]0
[-0.89419413  0.49455932]2
[ 3.80304265  0.83402318]6
[ 0.13765627  0.85576338]6
[-0.36609948 -1.12114871]4
[-0.49271977 -0.76847482]9
[ 1.40116084 -1.10555363]3
[-0.51249671 -0.66643608]3
[-0.2308321 -0.027883 ]3
[-0.71094382 -2.34171915]2
[ 2.2791543  -0.70076799]3
[ 0.83680493  0.05984681]9
[-1.13309264  0.06209456]1
[-0.96959186 -1.08453524]2
[-0.75139213  0.71014971]6
[-0.44570726 -0.27674162]8
[ 0.65287429  0.20449477]0
[-1.16759169  0.57595187]5
[-0.24723989  1.94683588]6
[ 0.30380103  1.69376791]6
[ 0.97887641  1.0093137 ]6
[-0.51517588  1.80747664]3
[ 0.05407809 -0.16218626]8
[ 0.25549957 -1.10255909]8
[ 0.14244594 -1.14805579]2
[-0.80682456 -0.55858469]7
[ 0.26972717 -0.05877274]5
[-0.0363856  -0.77340126]8
[-0.54863417  0.10663848]9
[ 1.05459511 -0.27060902]6
[ 1.26834619  1.24694729]1
[ 0.37554628 -0.05111574]8
[ 1.9870609  -1.85492837]4
[ 0.50615716  0.03076985]1
[-1.54534006 -0.13248074]2
[-1.00562501 -0.23175299]5
[ 0.08949997 -1.1681906 ]9
[-0.17174417  1.46580553]1
[-0.26371771 -0.46152282]9
[ 1.27514124 -0.45060909]7
[-0.4141584   1.23467338]5
[-0.99103701  1.29758763]4
[-0.29074901  0.23843873]0
[ 0.84998471  1.15615416]8
[ 0.57450938  0.67685914]9
[-0.64339989 -0.18077478]9
[-0.36909539  1.68220544]1
[-0.52719152  2.39416385]0
[-0.30106902 -0.30712572]5
[-1.25041521  0.18269664]2
[ 1.5842464  -0.70977092]3
[ 0.22939844  0.3588568 ]7
[ 0.51366675 -0.7382251 ]8
[-0.40420568  0.27749518]9
[-1.58709311 -0.35050392]4
[-1.23757172  0.82743347]0
[-2.34689498  0.54767805]6
[ 0.34804437 -0.4575516 ]3
[ 1.34299839  0.28288481]9
[-1.08694971 -1.49706507]5
[ 1.48543179 -0.71470308]2
[-0.47841549  2.39092541]1
[-0.38916504 -0.27704319]3
[ 0.83532512  1.15839505]1
[-0.88695836 -0.82748806]3
[-1.39454818  2.20890164]6
[-0.61535263 -1.16183174]5
[-0.31330532 -0.26307368]7
[-2.40395379 -0.03448651]4
[-0.47416955 -2.3993485 ]2
[ 0.80822706  0.04723208]2
[ 2.09759617  0.42626369]6
[-1.47273695  0.91265064]3
[-0.45310646  0.75860888]2
[ 0.47838992 -0.63395846]6
[ 0.34855673  0.43859258]5
[-1.86829042  1.12431788]4
[-2.10154986 -0.20628101]8
[-2.08701921 -0.09738297]9
[ 0.57173467 -1.91440523]7
[-0.21717727  0.0271795 ]1
[ 1.19141078 -2.12406945]3
[ 1.08855629 -0.24212196]0
[ 0.15185207 -0.35323548]3
[ 2.02868414 -0.64253747]8
[-0.41197324 -0.81421405]3
[-0.18725401  0.31992042]1
[-1.11779439  1.11659622]9
[-1.40199029 -2.38443971]3
[ 0.04805005  0.22413757]4
[ 0.83617049  0.66442931]4
[-0.8889693   0.79975855]6
[ 1.89494205  0.18270281]4
[-0.43355894 -0.9699595 ]2
[ 0.54803658  0.19344345]1
[-1.22190356 -0.45575082]8
[-0.41399705 -0.22991937]2
[ 0.98889053 -0.41262549]5
[ 0.91127563  1.15296209]4
[-1.05211449 -0.97195292]8
[-0.97230315 -1.18569517]8
[ 0.87377208  0.37785345]4
[ 0.08206332  0.13350707]0
[ 1.3981576   0.29571667]0
[-1.25487888  0.46621341]2
[-1.23178315 -0.67162502]3
[ 2.00470686 -0.14116138]2
[-0.84993398 -1.47082043]7
[-0.58624941 -2.32377148]7
[-1.18574524  1.42958832]0
[ 0.75935024  0.07039576]8
[-0.06450802  0.03288941]7
[-0.02008158  0.26529974]4
[ 2.06080246  0.66543734]4
[-0.76724958 -0.31550747]7
[-0.73386884  0.09111352]9
[ 1.9859488   1.23032522]6
[-0.82322419  0.62925202]9
[ 2.07932043  1.80746222]0
[ 0.81980234  0.67748713]9
[-0.66179526 -0.6465649 ]8
[-0.13796294  0.31475386]0
[-2.05987     1.09730959]4
[-2.25850725  0.14619383]6
[-0.13277251  0.19058308]0
[-0.99796033  0.31420231]6
[-1.47295237 -2.19671535]3
[ 0.41455051 -0.57916725]5
[-0.36144739 -0.044383  ]4
[-0.82550061  0.49657208]8
[ 0.50959975 -2.85861373]3
[-0.6711452  -1.23636806]3
[-0.72074318 -0.33741933]9
[-0.41063517 -0.10983068]3
[-0.78858089  1.31900477]3
[-0.78869808  1.28215897]3
[-0.29883552  1.17407846]7
[-0.51623774  0.0532515 ]8
[ 1.25596046  0.33720398]0
[-0.13322616 -2.16978598]8
[-0.1224876   0.53561407]2
[-0.54488385  0.02454888]1
[ 0.09764265 -0.38850176]7
[ 0.70217872  0.12655474]0
[-0.08278233  0.58985549]6
[ 1.52460289 -0.75442767]5
[-0.53037745  1.63240075]4
[ 1.31804609 -1.28839242]3
[ 0.20919476 -2.80263758]8
[ 0.38614464  0.0582484 ]0
[-0.70119029 -0.70419031]9
[-1.07679498  1.01937258]6
[ 0.45463541 -1.53281891]3
[ 0.51422501  0.48797798]8
[ 0.61892188  3.46683002]0
[-0.91734374 -0.59958011]9
[ 0.25829402 -0.46411169]9
[-0.45914984  0.96585906]6
[-0.60283279 -0.40253723]8
[ 2.24720144  1.42464745]6
[-0.86629105 -0.37681535]8
[-0.45880699  0.27995259]5
[-2.17459202 -0.45605409]7
[ 0.51241958 -2.23436308]8
[-0.08880994 -0.64983773]6
[ 2.20661211  0.17615619]0
[ 0.34060553 -1.66108453]2
[ 1.04999828 -1.70380139]4
[ 1.10712266  0.39686021]0
[ 0.04953808  0.54694992]2
[-1.34727061 -0.96381414]2
[-3.19847417 -0.47021711]3
[ 0.50270337 -0.76436895]1
[-0.24120921 -1.48190331]9
[ 0.68410277 -2.00309992]7
[ 0.90239054 -0.01307122]5
[ 0.05199112 -2.10601711]1
[ 0.24293174 -0.21386743]0
[-1.46495843 -0.28229898]8
[ 0.51740158  0.35495037]4
[-1.17348862 -0.14353505]6
[-0.99960196 -2.35909247]2
[ 1.55407727 -1.23326051]6
[-0.25967884  0.4344174 ]7
[ 0.12313789  0.08369159]9
[-0.91719484  1.48362708]3
[ 0.02182695  0.42167747]2
[-0.03713679 -0.25972649]9
[ 0.34296918 -0.1232632 ]8
[ 0.21051648 -0.54333436]2
[-1.34338248 -0.7855227 ]2
[ 1.03083181 -0.32682109]9
[-2.10487175 -0.62238151]2
[ 1.58328438 -0.0765804 ]7
[ 1.23414779 -2.12672472]3
[ 0.18530449  1.20222533]5
[-1.25420034  1.39233756]9
[-0.57715362 -0.61130553]1
[ 0.4279553  -0.73790497]8
[ 0.76903814  5.3904438 ]0
[ 0.76482165 -1.49678719]2
[-0.18220252  0.23087734]0
[-0.95763838 -1.85783184]5
[-2.30624199  1.56695914]2
[-1.22429419  0.74439698]1
[ 1.01160491 -0.3791241 ]3
[-0.4980855 -0.6491043]7
[-1.29116237  0.87842286]6
[-0.0368489  -0.01322403]7
[-0.34860057  0.72950721]1
[-0.14977533 -0.58729696]2
[ 1.92403865 -0.32311785]5
[ 0.8264721  -0.06928902]8
[ 1.73259211  0.22632986]0
[ 0.5377748  -0.71879923]3
[ 1.91382825  1.91679263]7
[-0.09766454 -0.7789368 ]2
[ 0.15064441 -0.04618741]4
[-2.82564259  0.28577548]0
[-0.38284034  0.03498007]9
[-0.38075423  0.61207843]1
[-0.82026052  0.89670354]8
[ 1.81982136  1.12833345]6
[-1.80082703  0.70315284]7
[-2.4331224  -1.17223394]7
[-0.66629827 -0.99513352]4
[-2.17501712 -0.40067625]3
[-1.47337186 -0.14862674]4
[ 1.95105624 -0.48396379]9
[-0.25475425  0.75533354]1
[ 0.54705542  1.8767854 ]9
[-1.10406196 -2.31988311]5
[ 0.12027326  0.93842876]1
[ 0.37693155  0.53670722]7
[ 1.4561522  -1.71570981]3
[ 0.28481078 -0.38091409]9
[-1.12672675 -1.12094307]7
[ 0.76792014  1.26368964]6
[ 0.81308645 -1.64901662]9
[-1.11474097  2.02692866]1
[-1.39462745 -2.16467047]3
[-0.30624062 -2.53471613]7
[-0.61054265  0.76392579]8
[-0.81315517 -0.7976253 ]3
[-0.64565539 -0.2357316 ]3
[-1.09319353  1.02452493]6
[-1.43959641  1.10969198]7
[ 0.24239643 -0.44347155]2
[ 0.09612609 -1.75547981]8
[-0.44375479  0.47521883]5
[-1.26679122 -0.03419643]8
[-0.46649015  0.83176017]5
[-1.27925539  1.68869627]1
[ 0.10990636  0.63133061]1
[ 0.23081851  0.51639068]4
[ 1.67785525  1.324049  ]4
[-2.30728745  0.16449079]3
[ 0.58306146 -0.08098186]1
[ 0.38540059 -0.91625524]0
[-0.6488542  -1.04798436]7
[ 0.28109464 -1.72647834]7
[-0.11624205 -0.53908777]0
[-0.2571817   0.08464921]7
[-0.06347024 -0.7358309 ]9
[-1.37577569 -0.43003613]4
[-0.57612908  2.8001039 ]4
[-0.45678842 -0.94714224]8
[ 0.20276293  0.1320715 ]5
[ 1.00434709 -0.12825355]5
[-0.69586909  0.20043328]4
[ 1.48107874  0.11178864]0
[ 1.60164976 -0.88622916]8
[ 0.81126511 -0.76069039]2
[ 1.1374985   0.40326262]1
[ 0.87001699  4.5837965 ]0
[-0.8046484  -0.60718465]8
[ 2.88973427  0.8542822 ]4
[ 1.18070793 -1.06787646]5
[ 3.76879549  1.42988205]0
[ 1.10290301  2.09443569]4
[-0.37602848  1.2652632 ]0
[-0.51984876  0.60040784]6
[-0.17822987  1.5546453 ]1
[-0.11982632 -2.34486532]7
[-0.66836679  0.02516737]3
[ 0.37357122 -1.25469863]2
[-0.57618886  0.0374793 ]6
[ 2.54759955  1.19443548]7
[ 0.99780297  0.07396275]2
[ 0.68739396  1.18425703]6
[-0.17533079 -0.51325786]9
[-2.48673725 -2.11852646]3
[-0.01929718  0.688012  ]1
[ 1.55402148  0.68236583]4
[ 2.81089354  0.74996704]6
[ 0.8715533  -1.00124013]2
[-0.36632723 -2.07209802]5
[-1.37695241  0.41611415]4
[ 0.04392657 -1.82154787]2
[ 1.18716812 -1.31713724]0
[-1.80914664  1.24035847]6
[ 0.92598188 -0.20029432]2
[-1.58491004  0.04526398]1
[-1.11356294 -0.0350068 ]7
[-0.47769219  0.44094977]3
[-0.42768949  0.46627808]4
[ 1.35389936  1.09624839]1
[ 0.79777998 -0.3023017 ]0
[ 0.89219993 -0.36908507]5
[-0.05299962  0.19919056]4
[-0.22623432 -0.85071826]3
[-0.55168217  1.41350687]1
[ 0.35327816  1.12298238]1
[-0.1779424  -1.04537952]7
[-0.18909779  1.49472904]4
[ 0.17793664  0.13154519]9
[-0.71521831 -0.89340806]9
[-0.75080168 -0.10493997]4
[-0.26327848  0.89287865]8
[ 1.45580947 -0.29279912]4
[ 1.32500863  1.09049046]0
[ 1.21618342  1.04907715]2
[-0.33964264  1.08715069]4
[ 0.62403506 -0.48685235]5
[ 0.16032626  1.26559067]1
[-0.11025432  0.09718483]1
[-1.11662602  0.25705203]6
[ 0.72371733  0.26283613]4
[ 0.03993234 -0.42500687]7
[-0.39679605  0.81107277]1
[-0.54265165  0.19121486]9
[-1.53737772  0.86823761]4
[-0.37419534 -1.29179931]2
[ 1.34220576 -1.7267822 ]4
[ 0.27903163 -1.01318157]1
[ 0.31930643 -0.46419668]5
[-0.42039835  0.04044694]5
[ 1.2053895  -1.67431855]3
[ 0.1946495  -1.78301513]8
[ 0.96952415 -2.02036309]3
[ 0.34073502  1.41189945]1
[ 0.49705362 -0.49766093]4
[ 0.66023028 -0.67777956]5
[-0.39239359  0.90913135]6
[ 1.14769471  0.06464409]8
[-0.71950305  0.32313955]9
[ 0.30912414  0.65164214]4
[ 0.39658618 -0.28406128]1
[ 1.0459969   1.29140782]5
[ 1.15662646 -0.27836284]3
[ 0.22424428 -0.403117  ]8
[-0.14845896 -0.44862634]0
[-2.54212379 -2.58759189]3
[ 0.23432018 -0.2202951 ]2
[-0.7804544  0.0977254]5
[ 0.49984795 -0.37426311]1
[ 0.71860033 -0.26988363]2
[ 1.11442089 -1.30875421]8
[ 0.70957267 -1.81138015]3
[ 1.28607059  1.04046249]4
[ 1.79593456  0.14061996]4
[ 0.51552117  0.49597323]0
[-0.36500454 -0.25822595]8
[ 0.72402883 -1.02728879]8
[ 0.69628954 -0.57158804]3
[ 0.26486978 -1.79463732]3
[ 1.3980124   0.91081542]1
[ 1.09482288 -1.31317639]7
[-0.48801839 -0.31075323]3
[ 0.80214441 -0.89335227]5
[ 0.37652874  0.79444116]9
[-1.60425258  0.21848878]6
[-0.24291378 -1.50772893]3
[ 0.16582578 -2.03944516]2
[ 2.90259123 -0.34569845]6
[ 0.86691207 -0.51968539]1
[ 1.338557   -0.58429676]3
[ 0.39983946 -0.36231297]6
[ 1.24585104  0.05863412]0
[ 1.90764534  0.09378314]7
[ 0.14542115 -0.13299927]2
[ 1.19853818  0.55229002]1
[ 0.05242981  0.0311221 ]7
[-0.03041279  0.66052926]1
[-0.76859045  0.56499153]4
[ 0.3287982  -0.53804421]2
[-0.07477611 -2.02486944]4
[ 0.34100822 -0.12173701]2
[-0.92130172  0.88374484]1
[-0.83968627 -1.07113922]7
[-0.59388024  0.17015782]9
[-2.49630427  1.15880144]6
[-0.60137421  1.63743198]1
[ 0.59373999  0.24300781]1
[-0.62848973 -1.53874111]2
[ 0.47791496  0.95843744]4
[ 0.88110745 -1.47317171]8
[-0.38680971 -1.38331413]1
[ 1.32493901 -0.60120022]7
[-1.53477955 -0.53755367]7
[ 1.61645424  2.62303042]4
[ 0.05784443 -0.78060579]8
[ 0.40119731 -0.80363107]0
[ 0.74875379  0.60358608]7
[-1.05130911 -0.72395688]3
[ 0.43257707  0.50262052]1
[ 0.89070684 -0.70028698]3
[ 0.11312835 -0.06659871]1
[-0.9922756  -0.21474934]0
[ 0.46023557  0.29986942]7
[-1.7967093   0.48654062]7
[ 0.87099731  0.18624067]0
[-0.56206834 -0.3079969 ]3
[ 0.3806752  1.2814883]5
[-1.52854586 -1.92730796]5
[-0.23735052  0.44483423]2
[-1.42052209  0.37044674]7
[ 0.94122195  0.27539539]6
[ 0.5040828   0.19413887]6
[-0.14236751 -0.48659354]9
[-0.66423184 -0.32755908]2
[ 0.84324002  0.25627074]8
[-0.80663371 -1.89436114]3
[ 0.20592558 -0.46471393]5
[ 0.25061604 -1.74632704]2
[-0.19959116 -0.87334651]2
[ 0.35175025 -0.04832075]5
[-1.83984756  2.20177937]6
[ 0.4335714  -1.30357826]0
[-0.82349563  0.33358952]8
[ 0.22492313 -0.55326271]2
[-1.53720737 -0.32467508]9
[ 0.09891108 -0.2860474 ]2
[ 2.09524155 -0.67974329]8
[ 1.89391077 -0.36156428]8
[ 1.26018643 -0.95141697]8
[ 0.34557235 -0.46687132]8
[-0.28726333 -0.16094017]7
[-1.01739502 -0.10815174]4
[-0.03116348  0.44387171]9
[-1.13212907 -2.18029308]3
[-0.34171993  0.01474901]0
[-1.72522664  0.67470896]6
[ 1.27343464  0.36726251]6
[-0.72625899 -0.71829855]3
[ 1.49785578  0.9616614 ]2
[-0.6806345   1.31289542]1
[-0.91733503 -0.92983317]3
[-1.59761953 -3.83638453]2
[ 0.73031902 -0.58393204]2
[ 0.70281875 -0.10033012]9
[ 1.11952758 -1.15958297]3
[-0.2240051  0.1107525]0
[ 0.44589669 -0.12572572]0
[ 0.36632943  0.30590045]5
[-1.16945517 -2.03138423]7
[ 1.03540039 -1.23585427]8
[ 0.31524485 -0.53491867]1
[ 1.62369621  1.6358552 ]4
[-1.78545737  2.65123177]4
[ 0.30000079  1.3433826 ]6
[ 0.91781431  0.15405303]0
[ 1.26479471 -0.44747555]2
[ 0.71267474  0.24146229]9
[-0.64622688  1.75590777]1
[-0.50268084  0.43939161]4
[ 1.61410224 -1.02399051]7
[ 0.92960751  0.83818442]4
[-0.36354601 -0.44480747]7
[ 0.97174543  0.18925282]3
[ 0.58600187 -0.23283386]9
[-1.20436513 -0.9535445 ]8
[-1.41157532 -2.51538563]8
[ 3.44185209  0.65834314]4
[ 0.03405404 -0.00040077]7
[ 0.23937228  2.08403039]1
[-1.02835596  1.56679308]2
[-1.10742378  2.82968664]1
[ 0.62633193 -0.08560779]2
[-0.16576856 -0.54506826]2
[ 0.72308367  0.03438648]3
[ 0.33432978  0.32844755]2
[ 0.28668821 -0.27208266]3
[ 0.49416602 -0.39607191]2
[-0.14287135 -1.80282891]3
[ 0.74499029  0.05717802]9
[-0.20780182  1.94171143]1
[-0.88212442 -2.02023339]7
[-1.34797823  1.8556155 ]4
[ 1.61930537  0.5646891 ]0
[ 0.96874452 -1.07657897]3
[ 0.18635619  0.26330328]5
[ 1.65450668  2.67692804]5
[-0.13224709 -0.54987639]8
[ 0.97420061  0.97584468]6
[ 0.56304085 -0.26393345]3
[ 0.71587634  0.42108136]2
[-0.37947768  0.81599933]6
[ 0.40990052 -0.19575831]7
[-0.11294025 -0.11977977]6
[-1.71119952 -0.6854111 ]6
[-2.24904132  1.20773327]3
[ 0.94475293 -2.66175818]2
[-1.05775321 -0.18104085]7
[-0.02902573  0.65239745]8
[-0.49920821  1.80153573]1
[ 0.09916605  0.70524096]1
[-0.65140069 -0.96054018]7
[ 0.3046537  -0.23118693]5
[ 1.44718707  0.08673554]6
[-1.63445771  0.8770752 ]4
[-1.4148109  -0.94270432]9
[-0.25761116 -0.97592163]5
[ 0.8154521  -0.99705219]1
[ 1.02728069  0.0986039 ]3
[-0.53188276 -1.10196698]3
[-2.28985643 -1.10969448]4
[-1.62042415 -0.71444249]7
[-0.86340785  0.30676168]8
[-0.45511705 -0.13056222]9
[-0.59284431  2.66008949]1
[ 0.08863629  1.90146291]1
[ 0.86942089 -0.9579066 ]6
[-0.63175958 -0.23951522]9
[ 0.90130544  0.48097253]1
[-0.29167074 -1.22007835]4
[ 1.20603895  1.19783127]4
[-0.13555425  0.24630436]5
[ 0.76249009  0.72231328]4
[ 1.55348885 -1.08896506]0
[ 1.03464401  1.33411324]6
[ 0.51790696 -1.69835031]2
[ 0.69060016  0.04053474]2
[-1.4190712   0.23922032]3
[ 0.02233753 -0.93453372]1
[ 0.5568943  -0.57434011]5
[ 0.33620977 -0.34064978]1
[ 0.57121611 -0.87869316]2
[ 0.4693628  -0.18654045]0
[-0.94891644  0.49086294]3
[-0.91797614 -0.39592052]8
[ 0.00450563  1.74866414]1
[ 0.5663082  -0.35845876]2
[-0.90521216  1.59572804]6
[-0.36161977 -0.35317957]7
[ 1.38122642  0.77712202]1
[ 0.45150512  0.10119135]6
[-0.21530992  0.48637179]2
[-0.33713567  1.01157093]3
[-0.04408723 -0.53000218]9
[-1.06975257  0.06151249]0
[ 0.33897883 -1.33476102]1
[ 1.80586314  0.37954119]2
[-0.81292856 -1.95016277]2
[ 0.43346986 -0.67995781]0
[ 0.74494714  0.65591943]8
