[-0.30039757 -0.00898691]7
[-0.72328287  0.5906924 ]2
[-0.2286609   0.08441059]1
[-0.24078974  0.33794051]0
[ 0.30119365 -0.68967807]4
[-0.3574602   0.59642404]1
[-0.02192603 -0.21810129]4
[ 1.68060863 -0.48386604]9
[ 0.05976079 -0.18707336]5
[-1.18494976 -0.10878345]9
[-0.24175766 -0.54455   ]0
[-0.78700531 -1.6060946 ]6
[-0.03224199  0.33922243]9
[-0.68433464 -0.09215559]0
[ 0.91225046  1.07558632]1
[ 0.82052213 -2.06646943]5
[ 0.24657203 -0.25302783]9
[-0.10402871 -0.6025998 ]7
[-1.15054917 -3.02267528]3
[ 0.5320946   0.33155799]4
[-1.02056324  0.88447541]9
[-0.38792157 -0.02833737]6
[-1.76781619 -1.33103633]6
[ 0.50174069  0.97573525]5
[ 1.18375957  0.3850596 ]4
[ 0.63805336 -0.80455792]0
[ 0.92871386 -0.65359002]7
[ 0.18939361 -0.36966366]4
[-0.6138531   0.37475067]0
[ 1.54526293 -0.28862432]1
[-0.17509976  0.27175748]3
[ 1.45198894 -0.66878313]1
[-0.67937458 -0.50920564]3
[ 0.96226436 -2.16799593]4
[-1.53372872  0.40212697]7
[ 0.64810938  0.1943243 ]2
[ 0.30384499  0.10878573]7
[ 1.34500384  0.12229235]1
[-0.65419304  0.10992129]2
[ 0.59835756  1.63177454]1
[ 0.56402993 -0.32373801]1
[-0.03128389  0.66308659]7
[ 0.37039208  0.53404528]4
[-0.90199751 -2.16234255]2
[ 0.49799377  2.46307015]3
[ 1.0376569   0.23785348]5
[ 2.47151327 -1.57312763]1
[-0.29464597 -0.84435159]2
[ 0.08782624 -0.38031292]4
[ 0.79636931 -1.00663197]4
[ 0.59901512  1.26685297]6
[-0.90564495 -2.32934833]3
[-0.20500918  0.31423622]5
[ 0.5779081 -1.5794332]5
[-1.1564182  -3.40323925]6
[-0.7984702   0.81483108]0
[ 0.26636547 -0.95453197]4
[-0.07494795  0.22061361]1
[ 0.105215   -0.33518988]9
[-1.4748888   0.07315694]5
[ 0.92358047 -1.19589245]7
[-1.03240657 -0.27827591]8
[ 0.96385461  1.00807619]9
[ 1.56368721  1.04996252]3
[-1.5525496  -0.21098994]7
[ 1.15155113  1.61463511]4
[-1.02064872 -1.41341078]6
[-0.04492782 -0.47766119]4
[-0.20101289  0.09919985]3
[ 1.03128302 -3.2110219 ]0
[-0.38945162 -1.0120734 ]7
[-0.27783796 -0.81055057]0
[ 0.31030387 -0.01449347]2
[-2.69882441  0.86850792]9
[ 0.92334056  0.62251294]1
[ 0.40257001  1.20788777]7
[ 0.23518221 -0.31021798]3
[-1.60382259  0.141239  ]2
[-0.87130076  2.03932667]9
[-1.05032766 -0.39149895]7
[ 1.57702875 -0.01556532]7
[ 0.17618038 -0.15094717]6
[ 0.38243103 -0.13612825]2
[ 0.95659494 -0.1402197 ]7
[ 0.36644959 -0.31951162]8
[ 0.35646158 -0.53900635]4
[-0.60110539  0.69714838]7
[-0.27746242 -0.93440586]3
[-0.85374075 -0.90006626]6
[-0.54416865  1.21672225]1
[ 0.26522297 -0.20774567]3
[ 0.10066462  0.27541077]6
[-1.94928777  0.99642104]9
[ 0.14219718  0.19603889]3
[ 2.92131853  0.56473017]1
[-0.09220854  0.16161968]4
[ 1.84628868 -1.22807264]1
[ 0.14508943  1.9950335 ]7
[ 0.32714498 -0.26089698]6
[ 0.8339904  -0.65650249]9
[-1.08506763 -0.80157608]6
[-0.3745566  -0.48231196]0
[-0.05623633 -0.11971932]5
[ 0.70903832 -0.87625653]4
[ 1.47056735 -1.44181085]9
[ 0.51205164 -0.17627847]9
[ 0.7251994  -0.28239915]2
[-0.99878162  0.20840694]1
[ 1.05671549  0.61225861]9
[-0.08143823  0.56558037]4
[-0.40565443  0.93314117]8
[-0.51400256  2.50492239]7
[-0.25787807  2.39849806]3
[ 0.75121337  0.29443616]9
[ 0.51359224  1.9662745 ]7
[-0.05518744  1.38666201]4
[ 0.49952322  0.69329822]4
[ 0.1500379  -1.22549272]4
[ 0.05573303  0.81500393]9
[ 0.1774383   0.12011571]2
[ 0.24791364 -0.56675559]5
[-1.35197926 -0.93131757]4
[ 1.33052766  0.70407641]7
[ 0.24983357 -0.22046879]6
[-0.48215878 -1.24265742]7
[ 1.58639956  0.31560695]9
[-0.951397   -1.80969107]0
[-0.07326858  0.38421279]5
[ 0.11213225 -0.21555316]8
[ 0.26651078  0.77133214]5
[ 0.7173087  -0.27772513]6
[ 1.17153275 -0.21583761]6
[ 0.81292725 -0.95718056]5
[ 0.29309696  0.35986829]7
[-0.0845516   0.83734232]8
[ 0.71798009  1.54479671]1
[-0.86745065  0.62728858]0
[-1.01413405  1.87942195]1
[-0.91491222 -0.84541833]6
[-1.11769199 -0.15302747]4
[ 0.04608897  1.03400779]6
[ 1.30241668 -0.68065131]7
[-0.6802997  -0.49659109]3
[ 0.17495888  0.33684611]1
[-0.87900352  0.89689368]7
[ 1.39316678 -0.46299452]1
[-0.01398079  0.19935901]8
[ 0.9466446  -0.66996527]2
[-0.52869076  0.53528786]0
[-1.91416228 -2.3374784 ]2
[ 0.57069266 -0.21707006]9
[ 0.12486634 -1.51260555]9
[-0.7282297   0.36291826]5
[ 0.7489993  -0.40439174]5
[ 0.88424212 -0.35400766]1
[ 0.34047657  0.67675889]5
[-1.44785976 -0.78176516]6
[-1.21522677  0.69235706]0
[ 0.26411164 -1.28915405]3
[ 1.09979069  2.02903867]4
[ 0.42863554  0.21130933]4
[ 1.29379356 -0.35598189]6
[ 0.24977858  0.05642204]5
[ 0.36907959 -0.96432   ]4
[-1.63033569 -0.49383181]6
[ 0.78238744 -1.75955296]5
[ 0.17461455  0.27466226]4
[-2.48500657 -0.54215926]5
[ 1.32774854  0.37354952]1
[ 0.71895397  0.66005254]4
[ 0.98420626  0.29231381]4
[-2.26087713  0.04442503]7
[ 0.14566149  1.1133821 ]2
[-0.05752897 -1.596977  ]3
[-0.0694713   0.66507208]2
[ 0.09748688  2.23108077]7
[ 0.45889419 -0.26723275]1
[ 0.75775224 -0.0076021 ]8
[ 0.6343717   0.77234614]1
[ 0.79412109  0.1457255 ]8
[ 0.7095753   0.45094615]1
[ 1.30932772 -0.12402099]8
[ 0.38279057  1.41046023]5
[ 0.21879528 -1.48290253]0
[ 1.8306582  -0.25571424]8
[ 0.16614506  0.00768457]9
[-0.37741512  0.6908381 ]2
[ 0.35933042 -1.07538497]5
[ 0.28865159 -0.4529171 ]0
[ 1.42948925 -0.95655531]1
[-0.76625347  1.80734801]1
[ 1.9416995  -1.25105584]1
[ 1.25226629  0.37189853]0
[ 1.17220891  0.04612   ]9
[-0.48833609  0.12127222]0
[-2.27359056 -0.87635392]3
[ 0.94794232  1.61214542]1
[ 0.88951123  0.89456743]6
[ 0.25668454  0.21632044]4
[ 0.46552819  0.36711186]2
[ 0.95919454 -0.71146584]3
[-0.02026144 -2.75330353]6
[-0.96355188 -0.03068721]1
[ 0.91559118 -0.08714432]1
[-0.18877153  0.14570181]1
[-0.26425225 -0.00848074]3
[ 0.30619901  0.40908438]9
[ 0.41270423 -1.30533373]5
[-0.27333516 -1.02397919]2
[ 2.013901   -0.56805348]9
[ 0.17017372 -0.70972365]4
[-0.35067219  0.65401071]5
[ 1.7867732  -1.18565631]9
[-0.16520377  2.40108252]3
[ 0.63693994  0.24229942]9
[-0.18303658  0.82260031]0
[ 0.43041873  0.77987826]3
[-2.08137822  2.32927966]6
[-1.32727182 -0.18760324]5
[ 0.83757424  0.04775228]5
[ 0.58978146 -0.35129791]7
[-0.16857038 -0.22397213]2
[-0.20149006 -0.80329758]2
[-0.91364127  0.05029015]7
[-0.44546735 -0.65393496]1
[ 0.26331228  0.73751229]2
[ 0.41432482 -0.07665693]8
[ 0.29661393  1.28335226]4
[-0.55344456  0.36022478]1
[-0.08709462  0.98846227]7
[ 1.45213974  0.12838645]3
[ 0.926431    2.22959375]3
[ 1.0098269   0.01311885]8
[-0.10058998 -0.14295921]8
[ 0.2244796   1.22786105]7
[ 0.57691389 -0.19665082]9
[-1.05047643  0.43659723]2
[-0.27098912 -0.65954459]2
[ 0.19764185  0.22496955]4
[ 1.05352378  0.1728486 ]1
[ 0.86731386 -0.48242974]5
[ 0.24898653 -0.69261992]9
[-1.59447122 -0.43786255]8
[ 1.36193907  1.48196614]7
[-1.00643301 -0.08223042]2
[-0.95770222 -2.39411044]3
[-0.99338716 -2.17381978]0
[ 1.33018184  1.00889444]4
[ 0.11808647 -0.51764905]4
[ 0.51757884  2.50909519]2
[ 0.83630353  0.43726438]4
[ 1.09136939 -0.80192   ]1
[ 0.61769855  0.18688475]9
[ 1.03465128  0.55555922]5
[ 0.52686602  0.35593218]7
[ 0.85464483  1.27388632]7
[ 0.09883185  1.24079263]2
[ 1.56345832  2.01659131]8
[ 0.14935093 -0.48598051]2
[-0.6355809  -1.42734277]6
[-0.74812883  0.0090715 ]8
[-1.01828563  0.93177897]5
[ 0.90872592 -0.18890753]7
[ 0.15198974  0.98586935]7
[ 2.25482345  1.3588661 ]9
[ 1.24402142  1.20064545]1
[ 1.82004356 -1.21974456]8
[ 1.24504375  1.32758737]1
[ 0.59614593 -1.23976624]8
[ 0.83512342 -2.38696575]0
[-0.7617324  -0.92684346]3
[-0.64272469  0.05366026]0
[ 1.0440681  0.1856489]1
[ 0.00123736  0.03552063]9
[ 0.75063115 -0.95011604]9
[ 0.22337039 -0.38147235]4
[ 0.26399738  1.08737862]1
[ 0.12685163  0.00223121]8
[ 0.03339283  0.06965835]2
[ 0.84828585 -0.0286276 ]1
[ 0.10184833  2.10254049]2
[-0.34800678  0.2215402 ]9
[ 0.50252932  1.80871773]7
[-0.29085511  1.18015397]5
[ 1.43630505 -0.8947683 ]9
[-0.63043749  0.10983758]2
[ 0.12616622  1.00538802]6
[-0.1388976  -3.59976196]4
[-0.1075616   0.93044323]1
[ 0.71812451 -0.96931839]5
[ 0.18326388 -0.89418197]8
[ 0.5446918   1.23952138]2
[ 1.17363536  0.0231338 ]9
[-0.85668457 -0.20940189]2
[-0.75032723  0.11916076]0
[ 1.56655502 -0.18912214]4
[ 0.44270009 -0.97518063]0
[ 0.4896971  -2.74160862]0
[ 0.27975804  0.08760138]2
[ 0.12040651  0.73636889]8
[-0.90252596  2.68142986]4
[ 1.05415392  1.76002514]7
[ 1.21956336  0.20350446]1
[-1.58977985 -0.57111955]2
[ 0.14195511  1.3374666 ]4
[-0.59848458 -2.44706488]0
[-0.46617734  1.78535843]2
[ 0.38421828  1.7777642 ]7
[-0.21964505  0.28203887]4
[ 0.26012003 -0.60243708]3
[ 0.24781413 -0.5190658 ]3
[-0.61739373 -0.54540199]0
[-0.20601337  0.4718706 ]0
[-0.23270562 -1.66963625]3
[ 1.18733001  0.62997758]1
[-0.09487215 -0.29969919]9
[-1.34578955  2.27702665]6
[-2.46191621 -0.72646683]5
[ 0.11659326 -0.34995949]2
[ 0.49998856 -2.2947576 ]5
[ 0.45292836  2.74359703]9
[-0.41337621  1.32183886]2
[ 1.28482151  0.25959563]9
[ 0.51131636  2.20243359]3
[-1.24695408  0.47345752]0
[-1.28782797  0.05335529]4
[-0.59610784 -0.90309078]2
[ 0.04967697 -0.02484143]0
[ 0.23086657  1.45036709]7
[ 0.91472703  1.20954382]1
[ 0.87962037  0.60456026]1
[-0.18407673  1.84645963]2
[ 0.54342234  0.7574665 ]1
[ 0.02288491 -0.06060643]5
[ 0.18478462 -0.19292335]3
[ 0.22427554 -0.07038003]3
[ 1.2721945  -0.37435967]9
[-0.11074498 -0.08011912]7
[ 0.01905775 -2.40709543]8
[ 0.2598598 -0.1483632]6
[ 2.15794206  0.34981054]5
[-1.64271986 -0.83471882]6
[ 0.79983324  0.68309718]1
[ 0.61796057 -1.35080683]3
[ 0.80507475 -0.23835072]8
[ 1.23787248  1.35483563]1
[-0.25214577  1.61637259]0
[-0.00318518  0.31939226]5
[-0.0371642   0.94911045]1
[-1.2210691  0.6967563]3
[ 2.41033125 -0.4674173 ]1
[ 0.2349975  -0.59356886]5
[ 0.79002911 -3.16536593]5
[ 0.37088728 -1.17403245]6
[-1.39981794 -1.18365264]1
[-1.06955433  0.99802691]8
[ 0.69485593  0.03523672]5
[ 0.44691682 -0.34824139]1
[ 1.89809775 -0.12154306]7
[ 0.26339221  0.1698273 ]9
[ 0.21284302 -3.26532483]4
[-1.07641578 -0.82994884]6
[-0.22208256  0.30344862]2
[-1.14011765  1.11040545]2
[-0.06456398 -0.60985136]5
[-0.3922531   1.04271519]0
[-1.50231433 -0.28044957]6
[-0.00309567 -1.42541778]5
[-0.16689916  0.40305251]6
[ 0.39015812  0.16523387]3
[ 1.20427585  0.59514159]7
[-1.62891889 -0.02813293]2
[-1.24836183 -1.19312334]0
[ 0.09878635 -0.36394125]8
[ 0.66669452  0.38860953]8
[ 0.04250105  0.60921991]5
[ 1.03336489  1.47472882]4
[ 0.39588273  0.26437551]1
[ 0.62564689  0.34329879]1
[ 0.41793764 -0.48807603]4
[-0.4364484  -3.29856467]0
[-1.39029884 -0.9095124 ]3
[-0.35362971 -0.37567508]3
[ 0.17948373  0.76574159]7
[ 0.54423535 -1.08198261]6
[ 0.33960271  0.0661097 ]1
[ 0.53751636  0.44232285]6
[-1.67185843  0.28003031]2
[-1.24097407 -0.36175948]1
[ 0.37719458  1.01207769]9
[ 0.06911663 -1.23352277]2
[-0.15468368  0.12107821]8
[-0.08650073  0.28886205]6
[ 0.39117479  0.51470697]1
[-0.20096667  0.25337762]9
[ 0.88359141 -0.55149037]5
[-0.47599602 -0.98577291]2
[ 0.78608453 -0.78117651]5
[ 0.60275549 -0.73231393]4
[ 0.94893324 -0.47732168]4
[ 0.89973456 -0.0932513 ]2
[ 1.05250514  0.41676563]8
[-0.10601585 -2.11485958]3
[-0.19334519 -0.05890791]8
[ 0.3611353   0.71534812]2
[ 0.83268487 -1.75827277]4
[ 1.09659219 -1.67106521]5
[-0.53096986 -0.47928596]0
[ 0.44907975 -1.19836533]3
[ 1.20609808  0.63233316]1
[ 0.86697102 -0.41977391]7
[-0.21184431  1.90540719]7
[ 0.10998902 -0.30231947]5
[ 0.0450414  -0.73772776]7
[ 1.39895344  0.78242415]9
[ 0.36329401 -0.30528367]7
[ 0.52328658  1.07817066]1
[ 0.19797766  1.17045534]9
[ 0.07501671 -0.48850876]2
[ 0.83004558  0.0375801 ]1
[-1.92200589 -0.86754072]4
[ 0.66635251 -0.1055135 ]2
[ 0.68718821  0.34885222]9
[-0.74480033  0.12618642]2
[-0.56416601 -0.71168303]0
[ 0.74989331  0.05423667]4
[-0.43427789  1.82255316]9
[ 1.07464361  0.05715127]1
[-0.50825632  0.70324963]4
[ 0.29281056 -0.31103033]8
[ 0.14151454  0.47920865]1
[ 0.15731925 -0.64868158]8
[ 1.68287659  0.63404411]4
[-0.95407861 -0.3059634 ]5
[ 0.45709223  0.62513739]9
[ 0.30574435  1.08870327]8
[ 0.13898684  0.91278535]8
[-0.46388638 -0.87769073]3
[-0.05790438  0.17552532]7
[ 0.37517381  1.20814419]6
[-0.33300066 -0.90260237]0
[-0.44762492  0.59044421]0
[-0.03478856 -0.65442586]3
[-0.92759931  2.22296286]0
[ 0.52435368  0.78642982]2
[ 0.38450444 -3.22094798]6
[ 0.53848481 -0.50762308]6
[-1.41130888  0.89637071]4
[-0.64027858  0.72554618]9
[-0.2837944  -1.50020242]3
[ 0.06297231  0.03049539]3
[ 0.09685944  0.25813234]3
[-0.67156953  1.58264351]2
[-0.00373164 -1.97278404]3
[ 0.78903991 -0.56668055]9
[-0.23469768  1.28535199]1
[-0.39539975  1.68131471]2
[ 0.08511387  1.44349599]6
[ 0.33338296  0.59534317]8
[-0.92783481 -0.46831816]0
[-0.77796394 -0.18170576]5
[-1.16911674 -1.33637416]6
[-0.28779638 -1.49879932]6
[-0.28993136 -1.29926276]6
[ 0.25533861  0.29660875]3
[ 0.32280213  0.01969148]8
[-1.00251031  0.83292311]8
[-1.04312742  0.53863907]2
[-2.63030887  0.48469126]7
[ 0.02222563 -0.67047656]5
[ 0.28681576  0.47816086]8
[ 0.05386871  0.90517765]9
[-1.03050721 -1.15896797]6
[ 0.96041572 -0.38272986]1
[ 0.10643722 -0.14644583]8
[ 0.53294539 -3.09869194]4
[ 0.79484886  0.76256794]1
[ 1.17444968  1.26733732]2
[ 0.73528248  0.19812326]5
[ 0.34709704 -0.82511801]9
[-0.48711258 -0.04103349]1
[ 0.98266453  0.16891004]9
[ 0.90891659 -1.08852577]7
[-1.65221906 -1.25107515]5
[ 0.56041163  0.76732802]4
[-0.32923025  0.31572658]0
[-0.45376402 -0.65564156]8
[ 0.2269787  -0.26047686]9
[-0.28589237  1.03249466]9
[-0.00130902  0.12243022]1
[ 1.16428626 -1.85692012]0
[ 0.97841245  0.58783275]5
[ 0.97871751  0.4936555 ]2
[ 0.04133758 -1.35335767]3
[-0.32380491 -0.20177524]7
[ 1.1495043  -0.68775523]8
[ 1.13916481  0.19736661]9
[ 0.45697987  1.66772127]4
[-0.27461147  1.50182605]0
[ 0.07250404  1.66546369]6
[-0.13502228 -0.51970738]3
[ 0.53126532 -1.26784348]9
[-1.781811    1.62321568]5
[-0.01802714 -0.1103375 ]2
[ 0.53123754 -0.03019264]1
[ 0.28560662  0.30912042]3
[-0.62149328 -0.04418716]1
[-0.2597017   0.24225067]3
[-0.34243029  1.44374609]6
[ 1.02544594  0.12704779]5
[-1.88681924  0.26704383]7
[-2.08402205  1.54302549]4
[-0.70209438  2.20009136]2
[-0.46110594 -0.36339533]2
[-0.85219729 -2.40931535]6
[-0.45877522  1.36229169]3
[ 0.74512136 -2.02581096]2
[-0.41592371 -0.25961488]6
[-0.13709658 -0.01602811]5
[ 0.47883654  1.25016868]4
[-0.34073132  2.12407041]8
[ 1.40928006  1.55502319]9
[ 1.34630048 -0.20877585]7
[-1.66792762 -2.98506403]1
[-0.7325834  -1.98981619]3
[-0.23372208 -0.50265223]0
[-0.11368634 -0.56315142]3
[ 0.87780887 -2.10155845]8
[-1.95304239 -1.3143816 ]3
[ 0.9743107   0.83994275]1
[ 1.16226888  0.75078779]9
[ 0.36065316  1.8767786 ]3
[ 0.4488709  0.6331628]4
[ 1.43655109 -0.66557026]4
[-0.02086618  0.28484678]6
[-0.3865062  -1.34304237]4
[-1.81426513  0.86262065]2
[-0.06545868  0.74912804]1
[-1.05553365  1.72947097]8
[ 0.54158783 -1.29579353]2
[ 0.34986049 -0.40403706]5
[ 0.42446679 -0.43471965]4
[ 1.23042071  0.80145246]8
[ 0.36776423 -0.28423351]8
[ 0.70454884 -0.48662084]4
[ 0.14369161  0.05961822]0
[-0.56750411 -0.81164849]0
[ 0.99096066  0.86604148]2
[ 0.73459727  1.72948861]3
[ 0.60774398 -0.36972529]2
[-0.09427811  1.48996627]7
[ 0.70986515  2.02996397]7
[-0.71233124  0.79920733]0
[ 0.18708891 -0.2321924 ]8
[-0.44628316  0.27365655]7
[-0.61111522  0.25371754]4
[ 0.22043718 -1.64112818]4
[ 0.90978563  0.79154623]7
[ 0.16738117  0.89708418]9
[-1.49655616 -2.24021316]6
[-0.50109452  1.02342606]9
[ 0.24472423 -2.78889418]0
[ 0.34665424 -0.09223753]9
[ 0.25109863  0.64878297]8
[-1.30747533  0.14988543]0
[ 0.33973098  1.44115376]4
[ 0.97048455  2.45512772]6
[-0.95884371  0.37806368]0
[-0.286082   -0.02825573]6
[-1.48276687 -0.96810001]3
[-0.09623764 -0.33974814]5
[ 0.52319068  1.08747756]4
[ 0.26777768  0.40411043]8
[ 0.52677864 -1.37529981]3
[ 1.00262892  1.12527132]3
[ 0.47489488  0.69440281]9
[ 0.11544342  0.22355704]3
[-0.6736635  0.7665109]3
[ 0.18767297  0.85093814]3
[-0.68932521  0.22512783]7
[-0.11555596  0.81214887]8
[-0.77500564 -1.40893698]0
[ 1.40783286  0.31518608]8
[-0.01413797 -0.20188111]2
[ 1.77658379  0.11041881]1
[ 0.95160598  0.14003883]7
[-0.31028605 -0.31309313]0
[-0.86161548 -0.62738854]6
[ 0.30577224 -1.62961781]5
[ 1.05825031  0.32604861]4
[ 0.35385835 -1.58285522]3
[ 1.92615712 -0.62034488]8
[-0.19255503 -0.19803946]0
[-0.16295394  1.1279633 ]9
[ 0.08548935  0.5116936 ]6
[-0.05037996 -0.9968614 ]3
[-0.18545881 -0.38070154]8
[-1.37788379 -2.4958334 ]0
[ 0.42430162  0.88096839]9
[ 1.30028892 -0.42601383]9
[-0.11519331 -0.20997301]6
[-0.49581021  0.71706051]8
[-1.42705488 -3.13877606]6
[ 0.63230669  0.31292462]8
[-0.12941575  0.16908081]5
[-1.90448046  1.55814123]7
[ 2.1379509  -0.72315383]8
[-1.17680526 -0.38893861]6
[-0.31541073 -1.41950858]0
[-0.29662466  1.91292143]2
[ 0.2136621   0.39039272]4
[-0.75643927 -0.89859575]0
[-0.79183328 -0.3257522 ]2
[ 0.20064302  1.73058867]2
[-0.01474188  3.01161933]3
[-2.07370782 -0.20340589]1
[ 0.83003831  0.20703672]9
[-0.08336493  1.76044405]7
[ 0.81098747 -0.38331401]5
[ 1.93486285 -0.90074813]1
[-0.49324554 -0.06485951]0
[ 0.75929081  1.05550468]8
[ 0.1683246  -0.12139994]4
[ 0.48303777  0.72738725]6
[ 0.32712042  2.45192003]2
[ 1.40180576 -1.51312983]6
[-0.88930422  0.07584162]7
[ 0.25023985  0.35900408]9
[-1.94600964 -0.4085598 ]3
[ 0.83042127 -0.62110984]2
[ 1.27649152  0.14288352]9
[ 0.07106642 -0.17564534]8
[ 0.14698426 -0.31575552]2
[ 0.6269117   0.56050384]2
[ 1.02155936 -1.09556377]9
[ 0.02952059  0.46650642]2
[ 0.1938265  -0.91450989]7
[-1.40429556 -2.5099566 ]3
[-1.03107643 -0.49673355]5
[-0.12929201  0.97023863]9
[ 2.26487708  0.22715257]1
[ 1.54261184 -0.60948831]8
[ 3.410074   -1.66127205]0
[-0.63908416  1.14300215]2
[-0.36841369  0.28219897]0
[ 1.26115179 -0.07038717]5
[-1.51854253 -1.07969403]2
[ 1.47683978  0.09976654]1
[-0.51542234 -1.07369697]3
[ 0.99232775  0.5586881 ]7
[ 0.15294573  1.1752876 ]6
[ 0.5514946  -0.11846632]7
[ 1.09791338  0.65607101]1
[-1.50220585  0.97721452]2
[ 0.19302754 -1.99265718]5
[ 0.03856963 -0.28962952]8
[-0.33539331 -1.21149862]0
[-0.1778888  -0.77597761]3
[-0.23801193 -1.26793826]7
[-0.56520081  0.47936016]2
[ 0.13915245  0.4561103 ]4
[-0.69487232  2.54401898]0
[ 1.25217748  0.18514024]9
[ 0.8865906   0.76137036]1
[-1.22974253  0.45404363]8
[-1.42342675 -2.7122252 ]6
[-0.20058995  1.12949359]7
[-0.01959575  2.37931132]7
[ 1.80361414  0.66368997]4
[-0.95897955  1.4009198 ]3
[-2.82012248  0.56387591]4
[ 0.9832384  -2.37829232]9
[ 0.16480085  0.67891771]1
[-1.3996973  -0.47763401]9
[ 1.47298884  0.02182403]5
[ 0.81227314  0.4308399 ]1
[-0.8249687  -0.41964296]7
[ 0.0309413  -1.93764436]3
[ 1.03308797 -0.39292967]9
[ 0.39498705  1.49318182]7
[-0.50530046 -1.05635571]6
[ 0.45133185 -0.77039319]9
[ 0.91919327 -0.12513648]1
[ 0.8236239   1.48516607]3
[ 2.67535353  0.92916292]7
[-0.8650946   0.59727979]8
[-0.0737763  -0.13006689]3
[-0.71743584 -0.29338354]3
[ 0.36771196  1.04573369]6
[ 0.49366897  0.65618354]7
[ 0.81339657  0.76829386]2
[ 0.2698676  -1.02718663]8
[-0.71497631  0.2870295 ]5
[ 0.59825933  1.1369977 ]8
[-1.17821527  0.51292253]5
[ 0.02372719  0.33018202]1
[ 1.09874487  0.01273452]1
[ 0.51678145  0.04938167]4
[-0.22717117 -0.91639435]4
[-1.05876112  1.04976606]3
[ 2.14569926 -0.71396714]1
[ 0.69683427 -0.58265418]0
[-0.31589961  1.07022011]7
[ 1.4007678   0.71365917]7
[ 0.86040783 -0.2182298 ]0
[ 0.56394446  0.15362482]7
[ 1.15949619  0.3285585 ]9
[ 0.44289666  1.4563818 ]4
[ 0.6809898  0.1535296]4
[ 0.04237287  0.86406428]8
[-0.71998674  0.21825527]5
[ 0.78863305 -0.6983543 ]5
[ 1.97440791  1.02885616]4
[-0.2856333  -1.03880382]0
[ 0.54712039 -1.6021868 ]8
[-0.02855743  0.63989472]2
[ 0.26915509  0.12934931]1
[-2.4122231  -1.48340821]0
[ 0.47904664  0.64247328]8
[ 0.09010771 -1.5804112 ]4
[ 0.45780426 -1.95118594]5
[-0.1183427  -2.72794437]0
[ 0.65144873 -0.71784198]4
[-0.50865829  0.42640567]0
[-0.79281324 -0.16568957]6
[ 0.15963985  0.22379877]1
[ 0.9539097   0.40279073]7
[-0.53168917 -0.13771167]3
[-0.17243096  1.24528813]2
[ 1.12225759  0.42795014]6
[ 0.23863615 -1.75387442]7
[-0.09876974 -0.46824563]2
[-0.97718316 -2.06803727]6
[ 1.76264846 -0.07432858]9
[ 0.26753199  2.99937773]3
[ 1.26846671  0.15723483]1
[ 0.60981882 -1.21548331]4
[-0.32639033 -2.45041203]6
[-0.06365324  0.96677917]2
[ 1.80499709 -0.3351649 ]5
[ 1.49621642  0.77043557]4
[-0.36519259  1.80781817]2
[ 0.51809436 -0.76216853]0
[ 0.26769072  1.08951509]6
[ 0.71326196 -0.27374318]2
[-0.94482976  0.71520591]1
[ 0.64439398  0.86707634]7
[-0.7017954 -0.0059671]3
[ 2.04009485  0.56747478]4
[ 0.11061352 -0.11941719]1
[-0.52942723 -0.3686161 ]0
[ 0.26415455 -1.14578521]5
[-0.07896264  0.27286363]4
[ 0.46960884 -0.4024834 ]3
[ 0.14669444  0.37792879]1
[ 1.27676761 -0.1823709 ]1
[ 0.11358666  0.84370714]7
[ 0.15815358  0.201149  ]4
[-0.20399196  0.47319394]9
[-0.2729848   1.13726711]9
[-0.45626354  1.19152534]4
[ 0.11625858  0.28414321]8
[ 0.71995658 -1.90891492]4
[ 0.27450472 -2.2977066 ]0
[-0.29338431 -0.83935499]2
[ 0.09656124  0.3480863 ]4
[ 0.07966236 -0.7119171 ]5
[-0.70156044 -0.23380026]1
[ 0.65077257  1.03877544]1
[ 0.5032022   0.78614742]6
[-0.413261   -0.49038416]4
[ 0.80451536 -0.06661181]7
[ 1.02719188  0.27805209]1
[ 0.98474973  0.41229051]9
[ 1.29385138  1.00424039]4
[-0.78897852  0.07598557]2
[ 1.16629958 -1.37322569]4
[ 2.17005873  0.80762082]1
[ 0.45895833 -0.83176965]5
[-0.51700354  0.61825883]5
[ 0.05483527 -1.87088311]3
[ 1.43685472 -0.23746753]8
[-0.3174696  -1.64127374]3
[ 0.84756339  0.10406382]1
[ 1.01056564 -1.06900549]4
[ 0.28477418 -1.15463161]5
[-0.11629494 -0.1171242 ]6
[-0.13728197 -1.09232426]8
[ 0.53743643  0.55225831]9
[ 1.12536693 -0.24278291]4
[ 0.30490857  1.27788687]1
[-0.41028428 -0.74227768]5
[-0.63681787 -0.96733493]3
[ 0.33629882 -0.46971643]8
[ 0.25938767  0.14889903]0
[ 0.24151801  1.64830506]3
[ 0.14808075 -0.9802525 ]2
[ 0.21879931  1.17318475]5
[ 2.22745752 -0.32369965]1
[-0.79749149 -0.50893694]2
[ 1.32438493 -1.2410742 ]8
[ 0.19814549 -1.27538776]3
[ 0.07309985 -0.69142056]4
[ 0.80394036 -1.47003949]4
[-1.90436113 -2.7223103 ]0
[-0.07122706  0.86957806]8
[ 0.49779183 -0.90097511]8
[-0.11599381 -1.0689249 ]3
[ 0.66954476 -1.20996881]3
[ 0.5119763  -0.13246553]1
[-0.22035061 -0.29115215]7
[ 0.32544881  0.10780652]3
[ 0.92470777 -0.84068036]5
[-0.73423856 -0.06833808]9
[-0.02664937  0.60555512]6
[ 0.59162802 -0.82975364]3
[-0.31680793  1.52672231]2
[  8.78155231e-04  -1.54138327e+00]6
[ 1.11598647  0.1624376 ]1
[ 0.98460871 -1.59342444]3
[ 0.72081703 -0.49368382]6
[-0.54088217 -0.78958082]0
[-0.18855378 -1.62639916]7
[ 1.11786723  0.00952052]2
[-0.09988514  0.23507513]1
[ 0.65123743 -0.01782332]7
[ 0.58843178  0.79913467]1
[-1.7329216  -0.15437698]4
[ 0.31205148  1.31234801]2
[-3.69018245 -0.35031551]4
[ 0.54063636 -0.11678651]2
[ 0.45134521  0.84096473]1
[ 0.66310555  1.30209517]7
[ 0.02772018  0.71110475]9
[ 0.2056286   1.74904406]6
[-0.04578039  0.13043965]1
[-0.48589581  0.47070348]1
[-0.351255    1.12842691]2
[ 1.34940088 -0.19568396]4
[ 1.39444089 -0.60995781]8
[-0.84077722  1.90983796]1
[ 0.76351291 -0.77730435]7
[-0.62440205  1.51783419]7
[ 0.79205096 -1.23613787]4
[ 0.56702352 -0.60509068]8
[ 0.58623987 -0.50067705]0
[-1.17765462 -0.29270419]7
[-0.65981418 -0.01033165]3
[-0.95008618  0.09102057]1
[ 0.06426643 -1.14727461]3
[ 0.39759052  1.12314725]1
[-0.01990271  0.75356245]0
[ 0.49878973 -0.13209964]7
[-1.86950326  0.90685278]7
[-0.56796962 -0.45083213]0
[-0.53544986 -0.17400613]3
[-0.91162235 -0.11431612]5
[ 0.87567824  1.72321928]5
[ 0.60445333 -0.08367687]2
[ 0.48505676  0.70397526]7
[-0.07841009 -1.04694366]6
[-0.43229228 -0.59778845]6
[ 0.84423888  0.08735026]9
[ 0.89956766 -0.62641871]2
[-0.25688952 -0.53112018]8
[ 0.39719456  1.21738648]3
[ 0.63599724 -0.56500864]5
[-0.82610762  1.24103701]2
[ 0.204349   -0.10327729]2
[-0.24405934  0.01132515]5
[-0.19748011  1.49478078]6
[ 0.57864487 -0.41868985]0
[ 0.35462224  0.23531206]8
[ 0.240669    0.06442861]2
[-1.18875444  1.42998612]9
[ 0.56716639 -0.23671445]2
[ 0.67217994 -1.63798738]8
[-0.02100284 -2.93047905]8
[ 0.23114206 -1.56603563]8
[ 0.24329676  0.0648575 ]8
[-1.7546581   0.29812783]7
[ 1.75232816  0.24192895]4
[-0.34874225  0.90753752]9
[ 0.19417936  0.38434428]3
[-1.37079668  0.14604552]0
[-0.19362436  0.25533497]6
[-0.10727619 -1.11357236]6
[ 0.50206929  0.03644146]3
[ 0.18545428 -0.59189725]2
[ 0.70946211  0.50611061]1
[ 0.41204917 -0.32754683]3
[ 0.13925757  2.03456092]2
[-0.29523456  0.00105293]2
[ 0.59990638 -0.26993477]9
[ 0.09671749 -1.94247627]3
[-0.92867124  0.39462805]0
[ 1.29473066 -0.53364921]0
[ 0.14918207 -0.43339318]5
[ 0.26014644  2.31163335]7
[ 0.43230683 -1.06284082]8
[ 0.73806357  0.04065788]1
[ 0.9234646 -1.5422399]4
[ 0.83547086  0.7709648 ]4
[-0.26398897 -0.94764364]6
[-0.79134172 -0.94611412]0
[-0.36580431  0.08368622]2
[ 0.36622334 -0.30091074]9
[-0.4818961  -0.08822197]1
[-0.32181317  0.66334093]4
[ 1.63604331 -1.79815149]7
[-0.20999004 -0.39634144]4
[-0.23393902  0.65740097]7
[ 0.46493709 -0.41402149]3
[ 1.88172925 -1.25643992]9
[-0.6284923   1.75604403]8
[ 2.22352147  0.7534762 ]8
[-0.54969108 -2.23407388]4
[ 0.44094539  0.22475417]7
[ 0.84758431 -0.22466378]1
[-2.05231905 -0.58920997]2
[ 0.24539728  0.01963401]1
[-0.02341303 -0.82623917]2
[ 0.36535376  0.99629933]2
[-0.29249144 -0.41409785]3
[ 0.0274998  0.088035 ]2
[-0.15493356 -0.5415833 ]3
[ 0.30807728 -0.21406685]2
[ 0.64148349 -0.92127311]3
[ 0.5663265  -0.38236451]9
[ 0.34200126  0.09309901]1
[-0.50682944  2.31845021]7
[ 1.13554502  0.45275569]4
[-0.58309364 -1.75340414]0
[ 0.34028721 -1.34545732]3
[ 0.20144883 -0.26460373]5
[-1.15892529 -0.40054417]5
[ 0.59565425 -0.25953421]8
[-1.42036796 -2.09350085]6
[-0.37014455 -0.79077756]3
[ 0.14485741 -0.0939775 ]2
[ 0.55324119 -0.16655317]6
[ 0.12616235 -0.07367822]7
[-0.4319033  -0.41675574]6
[-2.33668733  2.57303262]6
[-1.65795636  0.34194213]3
[-0.40585101  1.02853632]2
[ 0.61417431  0.98152035]7
[ 0.09661415 -0.02981021]8
[ 0.93040371 -0.04839332]1
[ 1.42771935 -0.05310574]1
[-1.55830586  1.0076952 ]7
[-0.29735863 -0.34277692]5
[-2.28334165 -1.37486351]6
[-0.11675134  1.16140842]4
[ 1.69832742  1.03018653]9
[ 1.15975332 -0.55092812]5
[ 0.59502697 -1.44734645]1
[ 0.397641   -1.15477133]3
[ 0.69644696 -0.71200353]3
[ 1.61378574  0.77768874]4
[-0.18059216  1.76267982]7
[-0.39186704  1.0947361 ]8
[ 0.45830536  0.79321188]9
[ 0.12236017 -0.10994272]1
[-0.30269837 -0.3835752 ]1
[ 1.28848922 -0.25041425]6
[-0.528965    0.93641061]9
[ 0.26615   0.428186]1
[ 1.05218995  0.65229487]4
[-0.77276629 -1.11094439]4
[ 0.33829731 -0.26014698]5
[ 0.93700856 -0.4788186 ]4
[ 0.36882806 -0.83205515]0
[-0.98963875 -1.34714389]6
[-0.62090957  1.11671579]2
[-0.24321415 -0.34464186]2
[-0.8605147   0.33087999]3
[-0.50704288  2.13517118]1
[ 0.34683871 -0.2993966 ]5
[ 1.76456082  0.05392112]1
[-0.46355033 -0.23339023]2
[-0.09320481 -0.26128227]0
[-0.6254586   0.93978459]3
[-0.56572336  1.55227172]8
[ 0.80431718  0.02019264]1
[ 0.31926566  1.11356807]2
[ 0.68380243  0.36824906]6
[ 0.55122727  0.43038338]7
[ 1.181306   -0.53703642]1
[-0.08666722 -0.58609778]6
[-0.31147468 -0.36334795]2
[-0.7181983   0.31006926]3
[ 0.39809042  0.14075963]9
[ 0.21286066  1.04885268]0
[ 2.24870515 -1.10572875]1
[ 0.62626225 -0.86743277]2
[ 0.12630777  0.51906848]2
[ 0.63491422 -0.5663169 ]0
[-0.6646418 -0.7400791]8
