[-3.7530973   0.66721332]7
[ 0.23276162  0.97397459]2
[-1.06711888 -2.63151217]1
[ 0.53030354  1.65090954]0
[-1.11147237  0.60485542]4
[-0.86305672 -2.02941895]1
[-1.09063244  0.22481953]4
[-1.9494977  -1.24204409]9
[-0.03836687  0.39430904]5
[-1.29655862  0.12756182]9
[ 0.65584826  3.38733554]0
[-0.19744682  0.69684196]6
[-1.25556636  0.12949131]9
[ 0.37545285  2.47562885]0
[ 0.03323089 -1.97307146]1
[ 1.82560253  0.5734694 ]5
[-1.14899969  0.3993043 ]9
[-2.61067462  1.415133  ]7
[ 1.19608212  0.27289224]3
[-1.02215505  0.16712251]4
[-1.64112544 -0.35677284]9
[ 0.16141957 -0.42450637]6
[-0.18993679 -0.0157792 ]6
[ 0.23641789 -0.32526809]5
[-0.94273967  0.01653663]4
[ 0.21849251  1.69538438]0
[-3.38500094  1.18601596]7
[-1.11445737  0.62332237]4
[ 0.72587425  1.9891454 ]0
[ 1.04170108 -2.35634685]1
[ 2.3361752 -0.8577373]3
[-1.2152369  -2.47188115]1
[ 2.27012157 -0.66291213]3
[-0.29274881  1.23030341]4
[-2.26565742 -0.36620125]7
[ 0.14502726  0.5773052 ]2
[-2.14530277  0.60346818]7
[ 0.5129388  -2.28603983]1
[ 0.27079517  0.33580229]2
[ 0.28831288 -1.63017797]1
[ 0.55847311 -3.24710631]1
[-1.2440331  -0.23765561]7
[-1.44035244  0.0288794 ]4
[-0.25752652  0.53900826]2
[ 2.7490747  -1.28780961]3
[ 1.17270684 -0.29376364]5
[-0.40587449 -1.76770139]1
[ 0.09077306  0.78796625]2
[-1.07468605  0.4234978 ]4
[-1.11432195  0.70132792]4
[-0.09762597 -0.40021974]6
[ 2.36688137  0.10383929]3
[-0.27254632  0.4427503 ]5
[ 1.27954531  0.10074685]5
[-0.28226203  1.3255223 ]6
[ 0.89590806  1.44909966]0
[-1.22377729  0.78489745]4
[-0.91936022 -2.68370152]1
[-1.36797523  0.71258235]9
[-0.39111429  0.02593326]5
[ 0.61210859  0.92393923]7
[ 0.27550235  0.18208037]8
[-0.67309129 -0.44013458]9
[ 1.69920492 -0.40215275]3
[-1.26847744  0.24753805]7
[-1.0064342  -0.48938075]4
[-0.32637447  0.51818717]6
[-0.99300426  0.61916125]4
[ 1.51896358 -0.47337505]3
[-0.45569026  3.22982454]0
[-2.97773385  1.90987968]7
[ 0.41850153  3.90466356]0
[ 0.24231246  0.69045651]2
[-1.33042669 -0.75249267]9
[ 0.74077237 -2.15694404]1
[-0.79803962 -0.14796256]7
[ 2.29670405 -0.6348933 ]3
[ 0.13540603  0.8329339 ]2
[-0.94728869 -0.79485035]9
[-1.84074116  0.27028435]7
[-2.4405241  -0.18781561]7
[ 0.34536529 -0.24036917]6
[ 0.14407511  0.75086761]2
[-3.27423239  0.38268191]7
[ 0.66552544 -0.0614689 ]8
[-1.05333972  0.61125672]4
[-2.40996718 -0.71363747]7
[ 2.21846271 -0.19885904]3
[ 0.32447541 -0.23325616]6
[-0.42667687 -1.63177192]1
[ 2.02687454 -0.29085514]3
[ 0.00917633 -0.3676908 ]6
[-0.40889496 -0.44914374]9
[ 1.62643862 -0.59989655]3
[ 0.19767725 -1.44147551]1
[-0.41313446  0.31131482]4
[-0.30986461 -2.20569468]1
[-0.14372578  0.07165854]7
[ 0.26355433 -0.0262547 ]6
[-0.6727913   0.20425226]9
[ 0.15426274 -0.07264605]6
[ 0.58702171  3.23626113]0
[ 0.86416602  0.26566488]5
[-1.45650053  0.88797832]4
[ 0.09759507  0.10967553]9
[-1.1331501   0.36547723]9
[ 0.06916855  0.95247352]2
[ 0.27634615 -1.79144716]1
[-1.68000913 -0.4268578 ]9
[-0.59912729  0.20279807]4
[ 1.07348943 -0.53165996]8
[-1.31703472 -1.46450746]7
[ 2.4071095  -1.37958157]3
[-1.26469469 -0.07000932]9
[-0.28888193 -0.78724229]7
[-0.8281396 -0.4093318]4
[-0.80890524 -0.32717052]4
[-0.75119334  0.85650706]4
[-0.95691115 -0.11053795]9
[ 0.24522874  0.39687815]2
[ 1.08402479 -0.00900299]5
[-0.57288796  0.08402985]4
[-1.76599145 -0.97563577]7
[-0.04041199 -0.08474605]6
[-2.0132432  1.8884238]7
[-1.40935755 -0.18860474]9
[ 0.20406707  2.28508878]0
[ 0.55758166 -0.15216215]5
[ 0.96624845 -0.35827494]8
[ 0.500947   -0.16017123]5
[ 0.11781605 -0.10225426]6
[ 0.00028066  0.00906653]6
[ 0.95470941 -0.04184867]5
[-0.52128512  0.5824542 ]7
[ 0.90476054 -0.6115104 ]8
[ 0.05794327 -1.81251502]1
[ 0.90450484  1.67683446]0
[ 0.17697124 -1.58529818]1
[-0.07595626  0.07801633]6
[-0.68362343  0.05578148]4
[-0.01350382 -0.42906079]6
[-6.5081358  2.8099556]7
[ 1.41874623 -0.15237801]3
[ 0.39019468 -2.62298083]1
[-0.73707992 -0.28773084]7
[ 0.86574948 -2.85661173]1
[ 0.72400373 -0.24574247]8
[ 0.16163346  0.55590439]2
[ 0.91654497  1.80546772]0
[-0.88877481  0.66846681]2
[-1.28022933  0.12855406]9
[ 0.58063859  0.66832435]9
[ 0.2513786  -0.19936165]5
[ 1.45543957 -0.15302379]5
[-1.4173038  -2.18395114]1
[ 0.31830817 -0.1289276 ]5
[ 0.1346499  -0.10913166]6
[ 0.69185746  1.5553993 ]0
[ 3.59320879 -0.07598531]3
[-0.84085745 -0.59880519]4
[-0.76398641 -0.26713681]4
[-0.2208946   0.00884499]6
[ 0.85789096  0.02888194]5
[-1.02179956  0.6375854 ]4
[-0.43158656 -0.04258391]6
[ 1.53514409  0.11830603]5
[-0.6862517   0.07154135]4
[-1.39680481  2.42999029]5
[ 0.53201222 -2.25801635]1
[-1.34474492 -0.09554359]4
[-1.25865269 -0.10994729]4
[-2.00252795 -0.32907808]7
[ 0.50604516  0.47500247]2
[ 2.45698047  0.25318012]3
[ 0.27504814  0.67364061]2
[-2.32412314 -1.76248884]7
[ 0.85999846 -2.97567844]1
[ 0.73210585 -0.45374724]8
[-0.86222309 -2.15905881]1
[ 0.95974123 -0.52503061]8
[-1.15488052 -2.10574603]1
[ 0.92123312 -0.45395991]8
[ 0.39796951 -0.8250947 ]5
[ 0.51486367  3.42958188]0
[ 0.9175995  -0.30885285]8
[-0.9212361   0.16678226]9
[ 0.42930293  0.51712376]2
[ 1.09453893  0.16166934]5
[ 1.35825086  3.3032074 ]0
[-0.64603353 -2.9288578 ]1
[-0.20083678 -1.41651559]1
[ 0.38082236 -2.56620145]1
[ 1.40072846  1.87158787]0
[-0.16575232 -0.50148106]9
[ 0.81295812  1.92179823]0
[ 0.34910613 -1.19127238]3
[ 0.58555436 -1.78092527]1
[ 0.01742522 -0.32355115]6
[-1.16814423  0.00743617]4
[ 0.36181682  0.51479805]2
[ 1.00290346  0.35845578]3
[-0.14040613  1.36688626]6
[-0.58700007 -2.13477206]1
[-0.81993103 -2.93023324]1
[-1.21425986 -2.52657127]1
[ 2.24203229 -0.88384986]3
[-1.56133103 -0.31961444]9
[ 1.67448473 -0.20696262]5
[-0.06274748  0.75521898]2
[-0.02022807 -0.6230216 ]9
[-1.75901079  0.97778058]4
[ 0.39552215 -0.24587956]5
[ 0.85314685 -0.29291511]9
[ 1.68653798 -1.22354937]3
[-1.27589631 -0.16778648]9
[ 0.56869721  0.92652225]0
[ 1.85820627 -0.51376581]3
[ 0.11229089 -0.57038939]6
[-0.15636733 -0.45665064]5
[ 1.26202416  0.99337769]5
[-2.42875576  0.1309087 ]7
[ 0.43562064  0.63729775]2
[ 0.02476548  1.01006711]2
[-2.43778682 -0.07359958]7
[-0.73613435 -2.85368395]1
[ 0.54290378  0.8528161 ]2
[ 0.97906244 -0.59929037]8
[-0.61107475 -0.29093894]4
[ 0.34599042 -2.31841063]1
[-2.67579961 -0.90159059]7
[ 3.34927392 -0.71619415]3
[ 2.64110613 -1.16198039]3
[ 0.89210534 -0.53591073]8
[-0.34372735 -0.0815475 ]8
[-3.03576136 -1.11746323]7
[-0.92642099  0.48641062]9
[ 0.1467092  0.674505 ]2
[ 0.03613774  0.46704563]2
[-1.15424013  0.26794922]4
[-0.68988132 -2.26967478]1
[ 1.08496165 -0.20277375]5
[ 1.02969265 -0.11100717]9
[ 0.4551526  -0.09939907]8
[-0.40683687  0.22093228]7
[ 0.47064164 -0.03547457]2
[ 0.63144308  0.35788739]3
[-0.06497723  4.71992779]0
[-0.18456087 -0.06364843]4
[-1.26168346  0.63510108]4
[ 0.25406665  0.25948742]2
[-1.17709804  0.02717092]4
[ 1.06498575 -2.26460552]1
[-1.704597   -0.21958008]9
[ 0.86973035 -0.15466943]5
[-4.5099287  -0.14052549]7
[-2.85168314 -1.25024879]7
[ 0.36580867  0.20581143]2
[ 0.46694976 -0.89082325]8
[ 0.21319647  0.93855059]2
[ 0.78709984  1.47129905]6
[ 0.52139848  0.05614731]8
[ 0.43120572 -0.46077284]5
[-6.118186    0.67491746]7
[-3.01558852 -0.99694002]7
[-1.31588244 -1.1752727 ]9
[-0.11856794 -1.80684638]1
[ 0.87262297  0.17215291]8
[-0.61639702 -1.64535797]1
[ 0.71797615  0.3789086 ]8
[-0.15463558  2.76541567]0
[ 1.72186494 -0.03957072]3
[ 0.3843953   1.57877958]0
[-0.82513237 -2.3304801 ]1
[-1.37870169  0.23428595]9
[ 0.22560218  0.21143135]9
[-1.07360744  0.49601462]4
[ 0.25251463 -2.00477386]1
[ 0.71084499 -0.44939557]8
[ 0.05397457  0.92813945]2
[-1.47743511 -2.80605936]1
[ 0.22277643  0.41510069]2
[-0.87002486  0.09257616]9
[-1.02189279 -0.67084134]7
[ 0.26061153 -0.42762542]5
[-1.52581906  0.4141404 ]9
[ 0.2725569   0.82997513]2
[ 0.26509801 -0.63272595]6
[-0.37457299  1.10254943]4
[ 0.1916801  -1.98185456]1
[ 0.83872598 -0.68799484]5
[ 0.3757782  -0.05485162]8
[ 0.13095891  0.40256596]2
[-1.60719013 -0.09300445]9
[-0.00545543  0.67085505]2
[ 0.66661668  2.1402266 ]0
[-2.00161529  0.27633879]4
[ 0.50771201  3.25249767]0
[-0.19104791  2.84937239]0
[ 0.10410069  0.46748871]2
[ 1.42321825 -0.69364524]8
[-0.36069316 -0.58654726]4
[ 0.20741683  0.03486978]7
[ 0.08477913 -2.37100458]1
[-0.07533385  0.32274407]2
[-0.77345043 -0.65914643]4
[-0.30038643  5.04441786]0
[ 0.19147381  0.31715313]2
[-0.99924904 -0.65850699]7
[-0.76381707  0.00434054]4
[ 3.40975022 -0.67658222]3
[ 1.65362287 -0.33694494]3
[ 0.1365969   2.05311298]0
[ 0.63050759  1.7349664 ]0
[ 3.38694215 -0.02264427]3
[-0.32821453 -2.18214774]1
[-1.04780126  0.45515102]9
[-0.06527688 -0.33441344]6
[-0.10206896  0.23385383]5
[ 0.6840452   0.70030034]2
[ 1.29241538  0.44692659]5
[-1.12824512 -1.3620621 ]9
[-0.91466492 -0.89228702]2
[-2.00563884 -0.05549417]9
[ 2.51333809 -1.1864295 ]3
[ 0.57844502  0.49225727]0
[-0.4274841  -0.17876388]4
[-0.00771217  0.13898855]2
[ 0.6782831   2.12335873]0
[-0.80939144 -0.5554595 ]7
[-0.58587694 -1.73248518]1
[-0.9211964  -2.05043459]1
[ 0.25240311  0.56079185]2
[-1.11884022 -2.02528954]1
[ 0.78784096  0.07841775]5
[ 1.56754684 -0.25513878]3
[ 1.87601829 -0.63478923]3
[-1.69476509  0.12824729]9
[-1.2353301   0.62904155]7
[ 1.18187523  0.44142383]8
[ 0.32199258 -0.11515613]6
[ 2.94015455 -1.00389266]5
[-0.34441805 -0.09970842]6
[ 0.03571405 -2.27192044]1
[ 2.26282692  0.82413578]3
[ 0.81421012 -0.3913672 ]8
[-0.49562615 -1.73027992]1
[ 0.38510907  0.00212131]0
[ 0.543064   -0.15244722]5
[ 0.18139042 -2.0899055 ]1
[-0.99409491 -0.75270092]3
[-0.64998323 -1.74712193]1
[ 0.97221214 -0.19120345]5
[ 1.23496103  1.78541577]5
[-0.06906557  0.32591599]6
[-0.61554497 -2.05263543]1
[ 0.56851411 -0.70832586]8
[ 1.24712896  0.24063222]5
[-1.56944513 -2.28504658]1
[-1.97297549 -0.08740786]7
[-0.96792537 -0.02784354]9
[-1.85065603  2.08940601]4
[ 0.22965914 -0.17328186]6
[-0.14596334  0.86232495]2
[ 0.08075141  0.10466434]2
[ 0.65527177  0.10053256]5
[ 0.92566717  1.19332933]0
[-0.02522668  0.12165093]6
[ 1.19759369  0.19608527]5
[ 0.14705069 -0.36141321]6
[ 1.54921556 -0.41457656]3
[-5.39926767 -1.14171648]7
[ 0.09535112  0.7085582 ]2
[ 0.23700428  2.46034431]0
[ 0.86430252 -0.29635194]8
[ 0.9488852  -0.53903031]8
[ 0.45209593 -0.13245818]5
[-1.46823859 -0.44020706]4
[-0.22080344 -2.78202128]1
[-0.41125304 -2.61361718]1
[-1.1931417   0.73250127]4
[-0.58584148  4.5171895 ]0
[-0.07167226  1.01524091]3
[ 1.9164319  -0.53058934]3
[-3.14643407 -0.65660655]7
[-0.2486586   0.15217748]6
[-0.38088095 -2.95027399]1
[ 0.24881285  0.06064043]6
[-0.00695232  0.34396607]2
[ 0.14270085 -2.49859691]1
[-1.43085837 -0.62683022]9
[-0.20148137  1.36684835]2
[ 0.70064574 -0.17720775]8
[-0.12554294 -0.31879672]6
[-0.34422922 -2.26958704]1
[-0.99299818  0.15910222]9
[ 1.0330956  -0.08477639]5
[ 0.10725801  0.52915549]2
[ 1.28016162 -0.13743788]5
[-0.91940218  0.76943994]4
[-1.1787672   0.64014518]4
[ 0.50169265  0.8259232 ]2
[ 1.06616569 -0.55738652]8
[ 1.38287735  0.39287874]3
[-0.07480879 -0.134267  ]8
[ 0.11599723  0.11506127]2
[-0.85803229  0.77360785]4
[ 1.296489    0.30228359]5
[-0.20675969  2.89044237]0
[ 2.10132027  0.21703318]3
[-0.34253961 -1.86133492]1
[-4.99742794  0.68118656]7
[-1.88092089 -1.23341012]7
[ 1.38445663 -0.03004571]5
[-2.59261346  0.96840692]7
[-1.59371519 -0.41040465]9
[-2.65761638  0.75823247]7
[-0.29858544 -2.10503531]1
[-1.22516179 -0.49688849]9
[ 0.11368478  0.5741694 ]2
[-1.32152748 -2.60336733]1
[-0.51699573 -0.00060481]4
[ 0.78629673  0.73192132]2
[-1.85237646 -0.1211662 ]9
[ 0.19871664  0.94674802]2
[ 0.54887199  3.68554258]0
[-0.75088584  0.21961793]4
[-1.08477855 -0.62690806]9
[-0.22807842 -2.62268686]1
[-0.37783283 -0.16757476]4
[ 0.79880983 -0.36468634]8
[-0.12506205 -2.38300323]1
[ 0.72945565 -0.06723793]8
[-0.17516735 -0.86839199]4
[ 0.13172628  0.13316777]5
[-1.03476906 -0.22676358]9
[ 0.41312382 -0.72205508]8
[ 0.65116942 -0.47637966]8
[ 1.6525538  0.2303026]3
[-2.78996968  0.23609257]7
[-0.03231458 -0.44937286]6
[-0.03543295  2.46974206]0
[ 0.84669662  1.54047644]0
[ 2.87338281 -0.64531231]3
[ 0.22550698 -0.61530781]0
[ 0.64927232 -0.09920111]2
[ 0.48749065  1.29361117]6
[ 0.43733159 -0.06898724]6
[-0.37852889 -0.23891097]4
[ 0.68889928 -0.45877537]9
[ 1.52431679  0.27085543]3
[ 1.63086343 -0.40075234]3
[ 1.30660272 -0.26749241]3
[ 0.30310607  0.55142272]2
[ 1.91810298  0.48158124]3
[-1.26331544  0.65798485]9
[-0.63198239 -1.65334988]1
[ 0.43449551 -0.06802949]2
[ 0.17924991 -0.29623893]6
[ 0.81963545 -0.44822893]8
[ 0.22745115  2.87402201]0
[-0.79408526 -0.44954309]5
[ 0.62595105 -0.05934081]6
[ 0.87112164  0.13034126]6
[ 0.07345307  0.27758634]6
[-0.34041375 -0.02030192]3
[ 1.17972851 -0.3290377 ]8
[ 0.99214149 -0.58175623]8
[ 0.37351662  0.55962765]2
[-0.4729749 -0.207596 ]7
[ 0.98220688 -0.17536159]5
[ 0.81636506 -0.48555431]8
[-1.43282866 -0.19809026]9
[ 0.04306552  0.10117152]6
[ 0.87235779 -3.00724649]1
[ 0.76765412 -0.08728409]8
[ 0.09459096  0.42414415]4
[ 0.57146084 -2.15169191]1
[ 0.10696816  0.41619524]2
[ 0.35268721 -0.51652384]5
[ 1.32833576 -0.32866016]9
[-0.80056715 -2.28739977]1
[-1.71360922 -0.21179315]9
[-1.11666727  1.61581838]7
[-0.44508451  0.08435699]5
[-0.95231742 -0.14154811]4
[ 0.50638694  1.57764447]0
[ 0.56616497  0.18400902]8
[-1.68063474  0.90950704]9
[-1.26816201 -0.44429338]9
[-0.96671051 -2.61311531]1
[ 0.12155333  1.82752228]0
[ 0.74801075 -0.22094783]5
[ 0.26640606  0.20970131]2
[ 2.2651968   0.31708917]3
[-3.45775318  0.62466168]7
[ 0.46033996  0.18540083]8
[-1.67871475 -0.13958181]9
[-0.38994837 -0.92459655]4
[ 0.41061047  0.49403858]0
[ 0.01191477 -0.56933594]6
[ 2.23358822 -0.13452658]3
[-1.49870992  0.7557441 ]9
[ 0.48567763 -0.3314693 ]5
[ 0.2058119   1.14464235]2
[-1.3592999  -2.35703015]1
[ 1.86383605 -0.41770482]3
[-0.18640119 -2.82533693]1
[ 0.84056354 -0.64022744]3
[ 0.31039333 -0.39971811]6
[ 1.2460773  -0.26452839]5
[-1.72724462 -0.14543089]7
[-1.08432961 -0.81132078]4
[ 0.20442089  0.59194338]2
[ 0.20405914  1.00400436]2
[-0.22404879  1.21706951]6
[ 0.70538062 -0.68018317]3
[ 0.02995336  0.40518412]2
[-0.18397072  0.02763107]6
[ 0.69636595  0.09631746]5
[-1.02069259 -0.54900599]4
[ 0.60102808 -0.92565978]8
[-1.21086574 -0.64078999]9
[ 0.36695737  0.40714079]7
[-0.19286618 -1.89348423]1
[ 2.90998626 -0.11336391]3
[ 0.4993794   3.13250875]0
[ 1.47947478  0.01013466]3
[ 1.28580499  0.39301434]8
[ 0.94600928 -0.08392896]3
[-0.14808989 -2.1486268 ]1
[-1.35655904 -0.15038383]9
[ 1.85602283 -0.3856706 ]3
[-0.62327862 -0.11924374]4
[-1.01680374  0.45957747]4
[ 0.23798698 -0.35907093]6
[-1.06196547  0.86155665]4
[ 0.15039657 -0.0613233 ]2
[ 0.44271314 -2.20364475]1
[ 0.63231266 -0.72767127]8
[ 0.14347148  0.5098263 ]2
[ 0.83132875  0.24212548]5
[-1.39319634  0.64220655]4
[ 0.33915746 -0.53367448]8
[ 0.60191262 -0.69121039]8
[-0.51704496  0.27044648]4
[ 0.81142312  2.09462357]0
[ 0.10946885  3.30532455]0
[ 0.62525678 -0.07204139]2
[ 2.40013409 -0.9570874 ]3
[-0.03859675  1.44051361]2
[-0.68290138 -0.46367291]7
[-0.35961622 -0.86754036]7
[ 0.47560126 -0.06638665]0
[ 0.02628101  0.24344   ]8
[-1.20029044  0.21770097]7
[-0.58794403 -0.11003694]4
[-1.02588868  0.94151378]4
[-2.58382583 -0.89561784]7
[-1.33914757 -0.29667944]9
[-0.16356543  1.41231501]6
[-0.93288153 -0.36426681]9
[-0.14990231  2.24248075]0
[-0.93492955  0.29749736]9
[ 0.8474403  -0.49212131]8
[ 0.4764812   1.64908087]0
[-0.98460823 -0.60772109]4
[-0.00071408 -0.63478923]6
[ 0.79131943  1.44479644]0
[ 0.2397988  -0.32065305]6
[ 2.04598975 -1.06963563]3
[ 0.78907067  0.06311376]5
[-1.25685     0.00128493]4
[ 0.61721802 -0.51664698]8
[ 3.78405118 -0.21196195]3
[ 3.21141696 -0.67552066]3
[-1.60823679 -0.30295557]9
[ 1.57521057 -0.34132284]3
[ 1.65644813 -0.32648242]3
[ 0.28393045  0.04583111]3
[-1.90495682 -0.16519172]7
[ 1.04349446 -0.66266704]8
[-0.02565292  2.82215619]0
[ 0.48149756 -0.06708969]8
[ 0.42276147  0.03266945]2
[-0.41412449 -1.7825557 ]1
[-4.14563704 -0.70258009]7
[ 0.46957058  3.14984679]0
[ 0.37623453 -0.179783  ]6
[ 1.3961885   0.24950886]5
[-1.30961633 -0.1445432 ]4
[ 2.14685297  0.29838842]3
[ 1.02463484 -0.07629772]8
[ 0.54987109  2.41359639]0
[-1.31541395 -0.57758975]9
[ 0.10175351 -0.40523139]6
[ 2.25464463 -0.21327943]3
[ 0.6890918  -0.05307874]8
[-0.63436407  2.00981164]0
[-1.95621538 -0.64902282]9
[-0.931665    0.18363895]9
[ 0.19276871 -0.21183759]6
[ 0.67858386 -0.53668535]8
[-0.24173775  1.34619188]6
[ 0.64679134 -0.49956301]8
[ 0.77929115 -0.40326583]5
[-1.01092649 -0.94393873]7
[ 1.68373585 -0.39470726]8
[-0.03975862 -0.12721282]6
[-0.06046808  3.85498333]0
[ 0.42388099  0.5258677 ]2
[ 0.04648611  0.15922879]4
[ 0.11280186  3.10319757]0
[ 0.25051063  0.34628636]2
[ 0.45081249 -0.5499357 ]2
[ 2.29186726 -1.68293989]3
[ 0.17141135 -1.72196651]1
[-0.94489688 -0.25109163]9
[-0.4104932   0.61687005]7
[ 0.58124763  0.41598883]5
[ 0.86943269 -1.29139411]1
[ 0.84572524  2.29770184]0
[ 0.9012922 -0.8880583]8
[-0.90043348  0.24921337]4
[-0.15225983 -0.30459604]6
[ 1.0462389 -0.9152199]2
[-0.13735792  0.41431957]6
[-2.81014776 -0.13073745]7
[-0.92391318 -0.05649749]9
[-0.98520941 -0.5391047 ]3
[ 0.1806266   0.25981224]2
[-1.04756618 -0.11402324]9
[ 0.64462399  0.18551706]8
[ 0.33246082  0.80253613]2
[ 0.19212657  0.285088  ]2
[-0.85898989  0.53744912]9
[ 0.18733819  0.13710782]2
[-3.44227791  2.99705458]7
[ 1.75480032  0.15691581]3
[ 0.11307298  0.12575251]5
[-1.20813942 -0.33622846]9
[-0.19647694 -1.79816127]1
[ 0.85458755 -0.2395201 ]8
[-1.43011451  3.08026195]0
[ 0.13485536  0.78100586]2
[ 0.43112785  1.92771387]0
[ 0.71845269 -0.38423085]5
[-0.05175947 -0.23337448]2
[-0.98921341 -1.91546094]1
[ 1.71044278  0.13572153]3
[-3.77494955 -0.90616131]7
[ 0.00097069 -0.40912968]6
[-3.89454436  0.10263515]7
[-0.25784144 -2.23096299]1
[  1.85057521e-04   3.89670938e-01]2
[ 1.42988062  0.64225483]5
[ 0.68125576  0.15262496]8
[ 0.12845019  3.99504757]0
[ 2.07544827 -0.151997  ]3
[-2.11048532  2.1944623 ]7
[-0.02818826 -0.27634841]2
[-0.82039261  0.0661101 ]4
[-0.11590552 -0.74357355]0
[-1.88960385 -0.22793892]9
[-0.43254054 -2.07664418]1
[ 0.58395481 -0.22451416]8
[-0.30973029  1.28259683]6
[-2.02319336 -0.77121675]7
[-2.38745022 -1.65650797]7
[-0.34129864 -0.31363675]4
[ 2.40832973 -1.31224465]3
[-0.7840004  -0.44991544]4
[-0.21650496  0.90986454]9
[-0.62946856 -2.21552062]1
[-0.96501654  0.15552029]9
[ 2.53448701 -0.7601794 ]5
[-0.2605516  -2.29239488]1
[-2.41468024  0.55768466]7
[ 2.60737371  0.34218282]3
[-0.95520395 -0.08489719]9
[-3.11941409 -1.41350245]7
[ 0.09522714  0.22369356]6
[ 0.18831095  0.1329629 ]9
[-0.80712444 -2.28566718]1
[ 2.7075789  -1.02310872]3
[-0.37062532 -0.41394117]7
[ 0.6132552  -0.28013462]8
[ 2.07572675 -0.53934133]3
[ 1.60135841 -0.33868432]3
[ 0.1486977  -0.44182596]6
[-1.19582796 -0.50900102]7
[ 0.08089645  0.54491186]2
[ 1.21272874 -0.45542839]8
[-0.6108886  -0.40845436]5
[ 0.9163385  -0.88888836]8
[ 0.40469384 -0.27363774]5
[-1.37912583 -2.05136847]1
[-0.63862801 -2.45428491]1
[-0.95338064  0.22451888]4
[-0.92590958  0.80431557]4
[ 1.42223215 -0.99337506]3
[ 0.85044128 -2.16376257]1
[ 0.99828827  2.59618998]0
[-2.10635877 -1.02896178]7
[-0.29431993 -0.0717099 ]7
[ 1.54195189  2.52340984]0
[-3.83903003 -0.16587122]7
[-1.65777493 -0.34262991]9
[-0.78727776 -0.56881487]4
[-1.53050065  0.28002357]4
[ 1.00695908 -0.68373632]8
[ 0.68521005  0.04082644]5
[ 1.24863291  0.5568248 ]5
[-1.43439865 -0.16843227]4
[ 0.1152277   3.58387399]0
[ 1.24045587  0.29108864]8
[ 0.07165173  0.72639012]2
[ 0.03216402 -1.89782429]1
[-1.20714712  1.72903311]0
[ 0.92892826 -0.67483187]8
[-0.47960991  0.71745765]4
[ 1.13667703  0.33597818]5
[-0.16363865  4.38056278]0
[-1.42008805  0.68027937]4
[-0.17547974  0.75114846]0
[ 0.06666607 -0.21831712]6
[-0.84328169 -2.54874945]1
[ 1.39413762 -1.26312685]7
[ 1.17922759 -0.32223246]3
[ 0.84761804  0.2275907 ]2
[-0.04365727 -0.08102541]6
[-1.23455167  1.35128105]7
[ 0.03861615  1.0832032 ]2
[ 0.30286133  0.63370574]6
[-1.82037544 -0.04744346]9
[ 2.96278024 -1.62075245]3
[ 0.08783725 -2.30373836]1
[-1.0642426   0.67044556]4
[-0.1525051   1.87461078]6
[ 0.57758582  0.73147917]2
[ 1.88168693 -0.23020062]5
[-1.98513031 -0.50087154]4
[ 0.83540756 -0.34886572]2
[ 1.15821481  3.63611937]0
[-0.00668466 -0.57169712]6
[ 0.10851371  1.06730902]2
[-0.77603906 -1.60085392]1
[-2.58195472 -1.00655639]7
[ 1.64308715 -0.32739121]3
[-1.69582248  0.07927123]4
[ 1.05233741 -2.91344786]1
[ 0.375891    3.33626032]0
[ 1.45643783  0.22957399]5
[-0.94082409  0.09750704]4
[ 2.15609622 -0.39052287]3
[-0.90315431 -2.46140075]1
[ 0.19078192 -2.69336724]1
[-3.02257919 -0.9846549 ]7
[-0.94526225 -0.05966227]4
[-1.15080094  0.06384481]9
[-0.85381466 -0.61096942]9
[-0.65498608 -0.44613689]4
[ 0.71611476 -0.31420624]8
[-0.24245059  0.28947702]4
[ 0.13518031  2.79772067]0
[-0.03161055  0.8196615 ]2
[-1.02444315 -0.00179889]4
[ 0.9239614   0.02584702]5
[-0.41313052 -2.48655605]1
[-0.04675652 -2.16385937]1
[-0.03460363 -0.36919355]6
[-1.14897847  0.3847968 ]4
[-2.22438335 -0.12806168]7
[-0.71098548 -2.10868001]1
[-1.69683337 -0.19336236]9
[-1.18615913 -0.43329343]4
[ 0.27164224  0.4715538 ]2
[ 0.1406458  -0.23724982]4
[ 0.49047804 -1.69236755]1
[ 0.84999073 -0.06004438]5
[ 0.39856464 -0.44533479]5
[ 3.31747413  0.65793586]3
[ 1.12001395 -0.76152194]8
[ 3.01663232 -0.207966  ]3
[-0.16601375 -2.70757985]1
[-0.88939482  0.40265492]4
[ 1.3341639  -0.06305616]5
[ 0.16871093 -0.31488365]6
[ 0.34523565  0.43707734]8
[-1.53001237 -0.13957432]9
[-1.32014775  0.1900674 ]4
[ 0.28012228 -1.74038041]1
[-0.66396391  0.48867276]5
[ 1.90229368  0.39511496]3
[ 1.04353285 -0.39639366]8
[ 1.17602229  2.43251848]0
[ 2.09972215 -1.01939309]3
[ 0.12751661  0.7499789 ]2
[-0.07307361 -0.53265083]5
[ 0.83933908 -2.1013031 ]1
[-0.03142183  0.88794422]2
[ 1.15990448  0.02526819]8
[ 2.31652403 -0.04754563]3
[-1.20467091  0.61432314]4
[-0.90066224  0.82171714]4
[-0.18645337  2.4847393 ]0
[ 0.95652437 -0.63205767]8
[ 0.9316563  -0.22309074]8
[ 1.93826389  0.12860817]3
[ 3.0774703 -0.2480078]3
[ 1.12376654 -2.93010092]1
[-0.17515722  0.87659311]7
[ 1.88641906 -0.37270272]3
[ 0.82888514 -0.00136334]5
[-0.71332055  0.14264601]9
[-0.08940804 -0.45360568]6
[ 3.52147174 -0.34595039]3
[ 0.42168257  0.41412637]2
[-0.24534363  1.45806885]6
[ 0.44583303 -1.71823001]1
[ 3.38178968  0.50449449]3
[-0.08726367 -0.02171415]6
[ 0.10653281  3.92178011]0
[-2.50823045  2.30046344]7
[ 0.25389665  0.28921402]2
[ 0.74551028 -2.52323055]1
[-4.43817329  0.05903015]7
[-0.28971115 -2.27914047]1
[-0.99852651 -0.12662098]4
[ 0.29291162  0.45488027]2
[-0.43702167  0.31520006]4
[-0.07978642  0.36961141]2
[-1.11012626 -1.80067241]1
[-1.00791311 -0.58842802]7
[-1.77732182 -0.14821543]9
[ 0.07565659 -0.67616534]6
[-1.20225644 -2.51333261]1
[ 0.42229968 -2.31239843]1
[ 0.37205294  0.35425913]2
[-1.05264139  0.39072222]4
[ 1.49130678  0.24600071]8
[ 0.05080823 -1.4768393 ]1
[-0.76869345  0.93543375]7
[-2.61508846 -1.12644756]7
[-1.3911953   0.88178468]4
[ 0.41398755  0.07818219]8
[ 1.50356197  3.34891415]0
[-1.13063335  0.79592836]7
[ 1.38778901 -0.4641014 ]3
[-0.23106828 -2.13816643]1
[ 2.45680022  0.07194981]3
[ 0.11796955 -1.91280079]1
[ 1.03561473  1.51924431]0
[-2.82708049  0.81236029]7
[-1.9503634  -0.95292938]7
[ 0.37542501  3.03897619]0
[ 1.69258356 -0.56634331]3
[ 0.50780904  0.1267979 ]5
[ 1.74218225 -0.91757715]5
[ 0.20676008  0.48324639]2
[-2.37402892 -0.75977755]7
[ 0.26775008 -0.02979892]6
[-0.27324557  0.07247907]6
[-1.5830555  -0.16609901]9
[ 0.45623311  0.18367901]2
[ 0.77351445  0.22224432]8
[ 2.90789318 -0.62176847]3
[ 0.82270235  0.19897458]5
[ 0.32483643  0.71121657]2
[-0.05569544  0.49183679]2
[ 0.68760711 -0.10315633]5
[ 0.32018989 -0.49641922]6
[ 1.54076815  3.39740801]0
[ 0.64477456 -0.51152253]8
[ 0.20033956  0.78859389]2
[-0.89725703 -0.6306144 ]9
[ 0.46326998  0.50433546]2
[ 1.31461501  0.30250466]8
[ 0.6129427  0.4134925]8
[ 1.20726728  0.05360486]8
[ 0.67948782 -0.24339792]8
[-3.16325545 -0.20091948]7
[-1.30219269 -0.8570466 ]4
[-1.09436941 -0.09523836]9
[ 3.44945812 -0.87290704]3
[ 0.58455336  2.05610394]0
[ 0.08605663 -0.5049535 ]6
[ 0.12927622  0.32202759]6
[ 2.08423448 -0.39172682]3
[-0.10029182  0.80587018]2
[-0.87720197 -2.1786046 ]1
[ 2.29090571 -0.67040014]3
[ 0.2906785  0.4118799]2
[ 0.21438782  0.980551  ]2
[-1.22686982  0.60205734]9
[ 1.63560247  0.2411564 ]3
[ 0.67803705  1.63182008]0
[ 0.62693024  1.35304773]0
[ 0.57450426  0.07167897]5
[-0.29251197 -0.87134922]7
[ 1.14889765 -0.04161023]8
[ 1.20417333 -1.46044838]1
[-1.50185823  1.22318494]4
[-1.72656941 -0.62010694]4
[ 0.6629554  -0.05207422]6
[ 0.16647494  3.66876411]0
[ 0.22680682  0.99729455]2
[-1.65781713  0.57451522]9
[-1.06438041 -2.48707366]1
[-0.62947387 -0.096628  ]4
[-2.59911108  2.25093937]7
[-1.25654554  0.69971621]4
[-4.04363871 -0.42255202]7
[ 1.79690599  0.42989123]3
[-1.07160306  0.31511706]9
[ 0.87345201 -0.75844669]8
[ 1.01313353 -0.91821408]8
[-1.27588296  1.69654334]4
[-4.30801773  0.00500353]7
[-0.662992   -2.91427803]1
[-0.27966475  0.50515282]2
[-1.85736442 -2.36651754]1
[ 0.05678573  0.84571183]2
[ 0.52111787  0.20547354]2
[ 1.90504551  0.17869116]3
[-0.57138199  0.53221428]2
[ 1.48247147 -0.0221414 ]3
[ 0.42647097  0.54746711]2
[ 3.44367337 -0.31641376]3
[-1.21225691  0.48668438]9
[-1.03880811 -2.69188213]1
[-0.50411797 -0.58882713]7
[-1.34169555 -0.22055241]4
[ 0.13327223  2.6994698 ]0
[ 2.42462611  0.30348924]3
[ 0.07578779  0.17931862]5
[-0.81096929  0.94341493]5
[ 0.68920058 -0.32509413]8
[ 0.55850124  0.01528747]6
[ 1.18288755 -0.03002702]3
[ 0.14589286  0.90816319]2
[ 0.36700213 -0.22063425]6
[-3.24198651  0.50246274]7
[ 0.17811374 -0.25750306]6
[-0.05590425 -0.49410364]6
[ 1.08353233 -1.51119781]3
[ 0.26786813  0.79894996]2
[-3.97696662 -1.04716778]7
[-0.24818039 -0.07006179]8
[-1.12246037 -2.57059646]1
[ 0.03107861 -2.27983689]1
[-1.1993413  -0.47687265]7
[ 0.11738417 -0.03190961]5
[-0.47761339  0.23799822]6
[-0.97345299 -0.34412283]4
[-1.36282086 -0.7456367 ]9
[ 0.90592349 -0.29742587]5
[ 0.08547458 -0.85367739]1
[ 1.84994411  0.87106383]3
[ 1.37031984 -0.17250735]3
[-1.10216522 -0.98259878]4
[-1.04984093 -0.81463289]7
[ 1.00109696 -0.73734581]8
[-1.64596748 -0.30432358]9
[-1.56937456 -2.45337176]1
[-0.92352372 -2.82547212]1
[ 1.23221755  1.5500344 ]6
[-1.48117709 -0.43154174]9
[ 0.68128854 -2.50997066]1
[-0.60025853 -0.44890711]4
[-0.70651031  0.77274919]4
[ 0.70627439 -0.23827025]5
[-0.67128134  0.26202458]4
[ 1.56658173  4.67974043]0
[-0.0866605   0.42983735]6
[ 0.26221386  0.80948281]2
[-0.04840583  1.00169623]2
[ 1.196141   -0.70193708]3
[ 0.12403182 -1.47262955]1
[ 1.0046804  -0.00742768]5
[ 0.56639928 -2.12790513]1
[ 0.0025329   1.00438762]2
[ 0.70491529  2.65828657]0
[ 1.22192454 -0.60231996]3
[ 1.0831151 -0.8901968]8
[-0.66057086 -2.76099992]1
[ 0.19998142  0.49454889]2
[ 0.16647248 -0.30249867]6
[-1.75153089 -0.24426565]7
[ 1.14020991 -2.93636489]1
[ 0.09089988  0.14949818]6
[ 0.26656079  0.29647374]2
[ 1.32455587 -0.03757332]3
[-0.95321983 -0.14015245]9
[ 0.81706923  1.40886772]0
[ 0.91241342 -1.91632068]1
[ 0.04818358  1.74178791]2
[ 0.09367684  0.7122618 ]2
[ 1.15807486  3.06044245]0
[ 0.33775926  0.27237731]8
