[-0.46908841  1.17064989]7
[-0.25069073 -0.75468016]2
[ 1.88229346  2.71038866]1
[ 0.32240763 -2.23560834]0
[-1.26747608  0.5683794 ]4
[ 1.67940438  2.13974142]1
[-0.46286014  0.64013982]4
[-1.56741679  0.04151043]9
[ 0.00999716  0.17503229]5
[-0.15806425  0.87364972]9
[-0.31072316 -2.39456534]0
[-1.03427958 -1.36963844]6
[-0.99523485  1.24944949]9
[-0.15578318 -1.98715436]0
[ 0.88294607  2.70843625]1
[-0.10709009 -0.43897796]5
[-1.47134817  0.91262043]9
[-0.67309564  1.04155576]7
[-0.42959788 -0.45619965]3
[-1.87897635  1.16901946]4
[-0.11593566  1.17706585]9
[-2.23234105 -0.53844595]6
[-1.1413511  -0.66845429]6
[ 0.81056494 -0.20845304]5
[-1.90638673  0.70515978]4
[ 0.0709518  -2.24090338]0
[-1.29383206  0.73552275]7
[-1.53396893  0.75312734]4
[ 0.04304307 -2.07403564]0
[ 0.22344376  2.96503043]1
[ 0.16305944 -0.05850613]3
[ 0.01968875  4.47729111]1
[-0.07586601 -0.22655559]3
[-0.15417695 -1.1146431 ]4
[ 0.17303225  0.87623906]7
[ 0.34715825 -1.01428545]2
[-0.86085242  1.06569839]7
[ 0.55255449  3.07772064]1
[ 0.08112261 -0.66066861]2
[ 0.90706557  1.99978757]1
[ 1.1157186   3.73312497]1
[-0.49546465  1.19633996]7
[-1.60682046  1.49437225]4
[ 0.05961918 -1.07344222]2
[ 0.2445015  -0.34758216]3
[ 0.51606894 -0.28580168]5
[-0.3398599   2.95989585]1
[-0.02934668 -0.86970103]2
[-1.05463135  0.5246557 ]4
[-1.19387901  0.35361257]4
[ 1.80551291 -0.73468375]6
[-0.38655519 -0.38345835]3
[ 0.68170691 -0.02224742]5
[-0.16577986 -0.30211556]5
[-0.9033702  -1.32270277]6
[ 0.2103761  -0.59692574]0
[-1.13726962  0.54493165]4
[ 1.79966426  3.15214109]1
[-1.23970187  0.91487968]9
[ 0.94303739  0.29640427]5
[-1.16020393  0.46863571]7
[ 1.07903779 -0.2269451 ]8
[-2.41849947  1.63143373]9
[ 0.29681012 -0.84090805]3
[-0.07152436  0.78887105]7
[-2.43708611  1.85004425]4
[-1.11922646 -1.08446789]6
[-0.72639853  0.49551347]4
[ 0.15506028 -0.1378473 ]3
[-1.88212144 -2.80502176]0
[-0.66685057  1.07661951]7
[-0.57980472 -2.5597465 ]0
[ 0.15402623 -0.96543455]2
[ 0.41841921  0.91326427]9
[ 0.71840584  2.47591519]1
[-0.83568317  1.5718863 ]7
[ 0.24802932 -0.32408005]3
[-0.6402576  -0.50655389]2
[ 0.24244905  1.26763272]9
[-0.02850085  0.76790273]7
[-2.55626059  1.10253072]7
[-2.55720019 -0.76883757]6
[ 0.20452586 -1.08729219]2
[-1.63965178  1.02008975]7
[-0.13414341  0.10689968]8
[-1.1583935   0.54723012]4
[-0.10933552  1.30683041]7
[-0.11047754 -0.26138422]3
[-1.59218013 -1.04713953]6
[ 1.39514637  1.86119747]1
[ 0.2768032  -0.34480935]3
[-3.08569098 -0.43042642]6
[ 0.20306464  0.92296469]9
[ 0.37975976 -0.2437851 ]3
[ 0.2605238   3.25542712]1
[-0.40983525  0.36423442]4
[-0.83977735  4.30932856]1
[-0.19581658  1.02404678]7
[-0.35214415 -1.04375172]6
[-1.72728038  0.54639268]9
[-1.05153859 -0.79419827]6
[-0.39034462 -2.22099662]0
[ 0.01716487  0.07485312]5
[-1.15631974  0.35490075]4
[-1.10185623  0.12894285]9
[-1.47737622  0.75672984]9
[ 0.23409373 -1.48597693]2
[ 2.00143909  1.0936482 ]1
[-2.52651668  1.38126004]9
[-0.8669759   0.87174523]4
[ 0.78276026  0.04817653]8
[ 0.41787472  1.48406541]7
[ 0.35162666 -0.0595246 ]3
[-2.16249466  1.1965971 ]9
[-0.63357431  2.08318734]7
[-0.2469099  1.6955359]4
[-2.04107285  2.17916656]4
[-0.75949025  0.31459847]4
[-1.08309352  1.60397649]9
[-0.21217482 -0.60730886]2
[-0.03475209 -0.11324981]5
[-0.20968115  0.37270632]4
[-2.06298757  1.99916863]7
[-2.73654318 -0.74234736]6
[-0.68088037  0.95128834]7
[-3.17062092  0.9777559 ]9
[-0.69122422 -1.91714501]0
[ 0.27969471  0.14668745]5
[ 0.07372811  0.12383381]8
[ 0.80956608 -0.14107481]5
[ 1.02252924 -0.86992383]6
[ 1.45845199 -0.98645306]6
[ 0.09142887 -0.31063688]5
[-0.80599481  0.58205497]7
[ 0.50212514  0.20592526]8
[ 0.90981072  2.24996233]1
[ 0.12163708 -1.71450806]0
[ 1.50352871  1.44628918]1
[-1.96504867 -1.13434637]6
[-0.20922658  0.74335408]4
[-1.04172814 -0.3748613 ]6
[-1.33403611  0.68330681]7
[-0.22376025 -0.16157825]3
[ 1.33192074  2.57090259]1
[-0.05382318  0.88034678]7
[ 0.26493326  3.99487901]1
[ 0.26728541  0.25277117]8
[ 0.4245204  -1.12774205]2
[ 0.17946079 -2.16505384]0
[-0.55066961 -0.31003001]2
[-1.95979726  0.85185826]9
[-0.47763258 -0.19297871]9
[ 1.02220285  0.12916622]5
[ 0.26836348 -0.26107752]5
[ 0.78693551  3.99770284]1
[ 1.0040046  -0.26209003]5
[-1.18453753 -0.80509806]6
[ 0.19272481 -1.8522172 ]0
[-0.07961833 -0.56702936]3
[-2.71899581  1.59034276]4
[-1.46663857  0.74083853]4
[ 1.69215    -1.10425019]6
[ 0.27018243 -0.02505226]5
[-1.13921225  0.50692964]4
[-1.20563984 -0.83226168]6
[-0.14559978 -0.38115999]5
[-1.14976907  0.86067712]4
[ 2.99008822 -0.56237137]5
[ 0.6448729  3.0327692]1
[-2.31549191  1.52993846]4
[-2.74112129  1.07980454]4
[ 0.40673512  0.60107625]7
[ 0.13168934 -0.83213544]2
[-0.1333188  -0.39543188]3
[ 0.04081154 -0.95227373]2
[-0.14003904  1.77497935]7
[ 1.09594655  3.05665231]1
[ 0.20600486  0.02778712]8
[ 1.10737133  2.86462164]1
[ 0.21321099  0.06108877]8
[ 1.12057233  3.25137568]1
[ 0.16129705 -0.16765089]8
[ 0.36461926  0.20301172]5
[-0.56949258 -3.01692986]0
[ 0.4249759  -0.34695995]8
[-1.72851121  1.29579532]9
[-0.08829182 -0.65577459]2
[-0.11851142 -0.2068366 ]5
[ 0.0723311  -3.14182472]0
[ 0.02414092  3.91655755]1
[ 1.27916014  1.3726474 ]1
[-0.50767332  5.04801464]1
[ 1.35154843 -2.12403631]0
[-1.35517454  0.46069881]9
[-0.06199173 -2.03809381]0
[-0.81717384 -0.20615886]3
[ 0.7264275   2.05550838]1
[ 1.71679485 -0.77305639]6
[-1.78117132  1.35814679]4
[ 0.34924951 -0.97593474]2
[ 0.26786581 -0.64766979]3
[-1.65813982 -1.52605498]6
[ 2.47497416  1.84380555]1
[ 0.8721599   4.11824656]1
[ 1.83976233  2.64065456]1
[ 0.06329183 -0.31632593]3
[-1.53491998  1.46515489]9
[-0.20236845 -0.24298297]5
[ 0.17903249 -1.09122503]2
[-1.79738176  0.35865387]9
[-1.14118135  0.63591146]4
[ 0.10742364  0.34945557]5
[-1.17801309  0.1514799 ]9
[ 0.24129075  1.53573585]3
[-1.6624198   0.93571436]9
[ 0.36166167 -1.50267076]0
[ 0.37950188 -0.3411001 ]3
[ 1.61678958 -0.24809927]6
[ 0.14913556  0.62212956]5
[ 0.81721991 -0.40155637]5
[-1.27656174  1.03096449]7
[-0.00300195 -0.75658631]2
[-0.32291067 -1.11019766]2
[-0.10176393  1.08427477]7
[ 2.99111128  2.67596078]1
[ 0.0943432  -0.69117498]2
[ 0.10636337  0.0591059 ]8
[-1.41460669  1.75634718]4
[ 1.83972454  2.02023387]1
[-0.53316915  1.95769   ]7
[ 0.52861744 -0.60973269]3
[ 0.36815214 -0.3894757 ]3
[ 0.19672421 -0.04623538]8
[-0.08500954  0.41794661]8
[-0.69108808  2.14378667]7
[-1.45572984  0.76452541]9
[-0.19838963 -0.887537  ]2
[ 0.1511431  -0.95501959]2
[-1.36160946  0.83042002]4
[ 0.81486291  3.52849603]1
[ 0.15983696 -0.22442141]5
[-0.12995501 -0.03458759]9
[ 0.5428623   0.44623181]8
[-1.24914479  1.42194307]7
[-0.04411825 -0.43929988]2
[-0.48984912 -0.3527261 ]3
[-0.94178921 -2.25492215]0
[ 1.53935254 -0.86527061]4
[-1.03850269  0.62273192]4
[ 0.23103611 -0.81881821]2
[-2.13651252  1.02113986]4
[ 0.32842025  2.6112504 ]1
[-1.8775748   1.15714502]9
[ 0.49905905 -0.21786913]5
[-1.05975306  1.44185722]7
[-1.24325764  2.25654626]7
[ 0.19892885 -0.72827721]2
[ 0.48694038 -0.25986791]8
[ 0.14955719 -1.12319744]2
[-0.77895468 -1.61471617]6
[ 0.71014696  0.29175183]8
[ 1.27008903  0.10372013]5
[-1.33543682  1.05689371]7
[-0.72488558  1.94890738]7
[-2.94406772  1.73914242]9
[ 0.73258168  2.56131244]1
[ 0.44841614 -0.31910041]8
[ 0.76929265  2.44865274]1
[-0.070983   -0.26758391]8
[-0.87150085 -2.21274757]0
[-0.23944192 -0.29394129]3
[-0.02974836 -2.08821082]0
[ 0.77195412  3.79840255]1
[-0.97218955  1.1019839 ]9
[-1.11248469  0.21684417]9
[-1.48962498  0.70074964]4
[ 1.09352601  2.22763038]1
[ 0.18059954  0.15866697]8
[-0.0409936  -0.84394741]2
[ 0.90210235  4.83814335]1
[ 0.16012442 -0.83330297]2
[-0.60473704  1.11757219]9
[-0.30997166  1.57125723]7
[ 0.20503458  0.55366051]5
[-1.80554163  0.25590917]9
[-0.14307047 -0.93859124]2
[ 1.29010093 -0.61462885]6
[-0.7008599  -0.08759901]4
[ 1.24017823  1.98665571]1
[-0.31927696 -0.38390788]5
[-0.34960705  0.03778696]8
[ 0.26676685 -0.6411711 ]2
[-2.51317716  0.85039747]9
[-0.3624526  -0.92234826]2
[-0.09729005 -2.10731506]0
[-2.21117091  0.56456494]4
[-0.49189273 -3.24937105]0
[-1.71175516 -2.57777834]0
[ 0.0675869  -1.28551054]2
[ 0.45681882 -0.01985615]8
[-0.06773464 -0.01067339]4
[-1.16927147  1.35201573]7
[ 0.7189033  3.2782495]1
[-0.69740456 -0.23075555]2
[-0.43462199  1.45036113]4
[-0.85672635 -2.62264228]0
[ 0.03835854 -0.78022361]2
[-0.77082044  2.14129567]7
[-0.30225945  0.80076492]4
[ 0.05631951 -0.49733934]3
[ 0.11288394 -0.40341127]3
[-0.44905987 -2.1420517 ]0
[ 0.31762549 -2.00699043]0
[-0.15072049 -0.42568618]3
[ 0.82545543  3.01225019]1
[-0.77043384  0.66112638]9
[ 1.73795867 -0.58448607]6
[ 1.97960353  0.02947456]5
[-0.02531528 -1.08113182]2
[-0.24728645 -0.38067985]5
[ 0.07467997  2.49501872]9
[ 0.27691871  0.92224622]2
[-2.14616752  0.86658323]9
[ 0.29935765 -0.41190538]3
[-0.40401351 -0.62287915]0
[ 0.11274014  0.85534298]4
[ 0.23608765 -0.7307266 ]2
[ 0.38475317 -2.392344  ]0
[-0.33479103  1.35178196]7
[ 0.91868263  2.43604517]1
[ 1.04039907  3.08959579]1
[-0.00274681 -0.66841984]2
[ 1.13405514  2.72873044]1
[ 0.1598964   0.01034367]5
[ 0.21184425 -0.38430625]3
[ 0.18599144 -0.42054957]3
[-2.18209171  0.56083286]9
[-0.65501469  1.25049067]7
[-0.33962622 -0.31531784]8
[-1.71369588 -0.5141027 ]6
[ 1.119856   -0.64340144]5
[-0.84005553 -0.4379856 ]6
[ 0.9600212   2.89018083]1
[ 0.20606813 -0.49574995]3
[ 0.06228196 -0.02490143]8
[ 0.85859537  2.57220483]1
[ 0.70818567 -0.36000115]0
[ 0.2778286   0.05593216]5
[ 1.31798422  2.20444369]1
[-0.26630929  0.35791317]3
[-0.13588326  3.41386676]1
[-0.04255059 -0.0129281 ]5
[-0.53022879 -1.91495204]5
[-2.73050475 -1.2650907 ]6
[ 3.32459331  1.46881878]1
[ 0.89234197  0.5856123 ]8
[ 0.51731324 -0.18790242]5
[ 1.12897646  3.62095809]1
[-2.05398989  0.97359598]7
[-1.08129263  0.86210048]9
[-0.72399688 -0.11783935]4
[-1.66042078 -0.90126133]6
[-0.29133406  0.1282838 ]2
[-0.42853108 -0.64470136]2
[-0.18853943  0.0300774 ]5
[ 0.40143627 -1.83403957]0
[-0.15760532 -0.77558517]6
[-0.30127665 -0.24807587]5
[-2.61477304 -0.23799695]6
[ 0.36916551 -0.33129355]3
[-1.83778942  1.58300912]7
[-0.52616245 -0.73404312]2
[-0.5021978  -1.71203053]0
[-0.06048588  0.06187633]8
[ 0.10232275  0.05398905]8
[ 0.76642209 -0.05676001]5
[-2.74849653  2.23871136]4
[ 1.29627323  3.19488025]1
[ 1.19967997  3.36772943]1
[-1.62116051  0.7291522 ]4
[-1.1001488  -2.31177688]0
[-0.70191944 -0.0454758 ]3
[ 0.00306353 -0.20753878]3
[-0.76051509  2.05146241]7
[-1.86051607 -1.22615325]6
[ 1.49393201  3.55023003]1
[-1.05828679 -0.51489782]6
[-0.60791594 -0.66142529]2
[ 3.01329541  1.6936698 ]1
[-1.24822354  2.02536106]9
[-0.40967026 -1.38611257]2
[ 0.33967739  0.04595676]8
[-2.88273644 -0.43034959]6
[ 1.14580548  2.8300817 ]1
[-0.84103048  1.19829392]9
[ 0.27713856 -0.23642236]5
[ 0.17867415 -1.07943416]2
[ 0.09310761 -0.24064235]5
[-1.50890017  0.44790027]4
[-0.79457563  0.41190085]4
[ 0.55358624 -1.38968682]2
[ 0.16400085 -0.01908299]8
[-0.26090989 -0.52244592]3
[-0.09907696  0.23254848]8
[ 0.3091208  -0.43714797]2
[-0.79257911 -0.00434053]4
[-0.1081919  -0.40952778]5
[-0.37230885 -2.33874297]0
[ 0.05007919 -0.55253464]3
[ 0.65666807  3.07388878]1
[-1.37228954  0.96463895]7
[ 0.0203149   1.81038475]7
[-0.03458738 -0.05373473]5
[-0.94308299  1.12183094]7
[-2.71465015  1.39958823]9
[-1.12358332  1.272663  ]7
[ 1.08733773  2.36879468]1
[-1.32128096  2.2099092 ]9
[ 0.18937546 -1.0558219 ]2
[ 1.02058458  4.2221446 ]1
[-0.07350714  0.47484127]4
[ 0.42254549 -1.22502184]2
[-1.91340601  1.28991067]9
[-0.08084764 -0.87413251]2
[-0.36562961 -2.0381248 ]0
[-1.1272403  -0.03671309]4
[-0.28210852  1.80751276]9
[ 0.82971346  3.73974109]1
[-0.11328705  0.57258284]4
[-0.01347541  0.01476973]8
[ 1.27894545  2.57581687]1
[-0.13007809 -0.13359056]8
[-2.14986277  0.27561346]4
[ 0.46219891  0.1250008 ]5
[-1.85361218  1.6526804 ]9
[ 0.32029307  0.50247693]8
[ 0.43215623  0.68088615]8
[-0.23989604 -0.29849923]3
[-0.74019879  1.43278575]7
[ 1.34750736 -0.5327599 ]6
[-0.60437578 -2.45301962]0
[ 0.27850911 -2.09969187]0
[-0.00324694 -0.29328865]3
[ 0.36705083 -0.12259124]0
[ 0.60985351  0.3407186 ]2
[ 0.70064914 -1.82817888]6
[-0.63117635 -0.68683827]6
[ 0.08933342  0.71787059]4
[ 0.64130658  0.15764615]9
[-0.1987495 -0.3570286]3
[ 0.29986125 -0.20892459]3
[ 0.19993447 -0.15950388]3
[-0.09407073 -0.77968454]2
[-0.12826422 -0.50887477]3
[-1.49279273  0.52691376]9
[ 1.33688211  2.00918937]1
[ 0.0334136  -0.57288754]2
[ 1.2705195  -0.53985322]6
[ 0.25925085  0.22073647]8
[-0.43502247 -2.03391767]0
[-0.48655865  0.91339135]5
[-1.2533524  -1.05533898]6
[-0.69295657 -0.91087353]6
[-2.0812757  -1.37772977]6
[ 0.23685765  0.58252239]3
[ 0.13843112  0.11836925]8
[ 0.76209939  0.46061817]8
[-0.40230852 -0.74227118]2
[ 0.22541009  0.77737761]7
[-0.14362924 -0.02385364]5
[ 0.26631337  0.03133485]8
[-1.22941983  1.94119358]9
[-1.43574679 -1.11669099]6
[ 0.77676255  3.65996099]1
[ 0.09756409  0.09394425]8
[-0.7908107   0.07503676]4
[ 0.83603746  2.29045391]1
[ 0.38648227 -0.92254734]2
[-0.06514899 -0.07715234]5
[-0.12248635 -0.18102556]9
[ 2.02937961  2.44069648]1
[-2.42189646  1.0439477 ]9
[-1.23578393  0.59121513]7
[ 1.95265794  0.31192318]5
[-1.88697958  1.44131398]4
[ 0.12951785 -2.00849652]0
[-0.14295866  0.20693573]8
[-1.56295645  0.98253846]9
[-0.47212604  1.69773304]9
[ 1.68377328  2.95041084]1
[-0.6449011  -1.33082318]0
[ 0.5650323  -0.19335946]5
[ 0.77012503 -0.62506759]2
[-0.12910244 -0.49953994]3
[-0.49903885  1.10680199]7
[ 0.7635687  -0.90517032]8
[-2.36112761  0.93324506]9
[-0.78735578  2.61802435]4
[ 0.39512295  0.07447284]0
[ 1.54576302 -0.5488137 ]6
[-0.0628064  -0.36194783]3
[-1.14590883  0.26493064]9
[ 1.34175348 -0.50604552]5
[-0.02521609 -1.12659824]2
[ 1.22593451  3.5840137 ]1
[ 0.21872628 -0.33760199]3
[ 2.47968578  2.37779284]1
[ 0.28625038 -0.20226644]3
[ 1.21591985 -0.36825767]6
[ 0.39893556 -0.19185692]5
[ 0.11062201  0.90726793]7
[ 0.37117654  1.29645526]4
[-0.0021121  -0.67676902]2
[-0.24072987 -0.90948522]2
[-0.71701533 -1.40774   ]6
[ 0.3091366  -0.04328921]3
[ 0.2862947 -0.9993335]2
[-2.45989156 -0.83976078]6
[ 0.34000081 -0.03948742]5
[-1.69779932  2.30895209]4
[ 0.80532455  0.91540694]8
[-2.63670397  2.03722668]9
[-1.27398145  0.5610981 ]7
[ 2.68906164  0.57363474]1
[-0.34035519 -0.49518085]3
[-0.20138617 -2.28694844]0
[ 0.0205722  -0.31313744]3
[-0.18255317 -0.4672457 ]8
[-0.47297755 -0.30494213]3
[ 0.89534593  2.74076414]1
[-3.4775784   1.37014902]9
[ 0.20566097 -0.61598462]3
[-1.77208531  0.94610167]4
[-1.6846447   0.42185768]4
[-3.40562034 -0.43838695]6
[-0.78934968  0.41927353]4
[-0.39725319 -0.68416011]2
[ 1.36803448  2.22862315]1
[ 1.15576708  0.7264111 ]8
[ 0.52386671 -1.07395458]2
[ 0.06260862 -0.01257831]5
[-1.4063642   0.68715024]4
[-0.02827036  0.00471139]8
[-0.33093318  0.00607613]8
[-1.4923203   0.63866997]4
[ 0.25721931 -1.8996793 ]0
[-0.68212599 -2.34617114]0
[ 0.68021387 -0.35505071]2
[ 0.53954995 -0.40565816]3
[-0.01296502 -1.5815469 ]2
[-0.31566694  1.57410669]7
[-0.16242799  1.51982236]7
[ 0.23194334 -0.05962814]0
[ 0.03663239 -0.32792693]8
[-0.38963053  0.70300651]7
[-0.26471022  0.79298019]4
[-1.01615     0.27691898]4
[-0.9452405   1.07724631]7
[-1.35049307  2.02771902]9
[-1.20229518 -1.31495893]6
[-0.35273632  1.59826016]9
[-1.38622034 -2.08652234]0
[-1.52233064  1.00641251]9
[ 0.28439859  0.06763291]8
[-0.10313927 -1.78693485]0
[-1.18067503  1.9505775 ]4
[ 2.26628065 -0.6654681 ]6
[-0.01316298 -1.54610932]0
[-2.5456295  -0.50255954]6
[-0.46374625 -0.30592462]3
[ 0.02032779  0.04163745]5
[-1.68915915  1.18795657]4
[ 0.19475794  0.20969242]8
[ -2.17184890e-04  -5.31690955e-01]3
[ 0.36873037 -0.51587021]3
[-2.13740444  1.89937711]9
[ 0.29334062 -0.27244681]3
[ 0.07454106  0.01769307]3
[ 0.23711435  0.37816009]3
[-0.13928951  1.18494928]7
[ 0.64657199  0.54102111]8
[-1.19830787 -2.10247445]0
[ 0.38439494 -0.59445238]8
[ 0.2266167  -0.04126196]2
[ 0.25251022  3.24310637]1
[-1.51495969  1.20896339]7
[-0.13774942 -2.1888864 ]0
[-2.00718045 -0.81226325]6
[-0.31218722 -0.13265862]5
[-2.30049157  1.02568388]4
[ 0.01388628 -0.54186618]3
[ 0.20681304 -0.51124954]8
[-0.02389178 -2.25568724]0
[-0.45703623  1.58309686]9
[-3.77883363 -0.2691434 ]6
[-0.06751949 -0.37962505]3
[ 0.23399     0.16857311]8
[-0.34810483 -1.18884778]0
[-1.64920521  2.16555095]9
[-2.06494784  0.62071669]9
[-2.32699943 -0.76706612]6
[ 0.52643037  0.6765188 ]8
[-1.04920352 -1.47656584]6
[ 0.18041144  0.15231824]8
[ 0.15421218  0.13125011]5
[ 0.29625538  0.9432888 ]7
[ 0.48543122 -0.3203465 ]8
[-1.43124998 -0.7965095 ]6
[-0.567397   -2.22829652]0
[-0.07987048 -0.82016492]2
[ 0.42625624 -0.51711214]4
[-0.46191669 -1.78085113]0
[-0.49285486 -0.78919613]2
[ 0.75915033  0.64455235]2
[ 0.46237025  2.16999054]3
[ 2.62429214  0.99716127]1
[-1.6752044   0.95074403]9
[-0.32868084  0.7592839 ]7
[ 0.29099399 -0.23769458]5
[ 0.25944957 -0.25619581]1
[-0.04953358 -2.01242828]0
[ 0.34867647  0.87228131]8
[-1.53492415  0.9869628 ]4
[-0.78877288 -0.66060138]6
[ 0.26979381 -0.52184498]2
[-2.31686187 -1.46371949]6
[-0.16586053  1.09957373]7
[-1.21265113  1.08011448]9
[-1.74504936  0.59709394]3
[ 0.79438716 -1.06809819]2
[-2.19023609  0.64909887]9
[-0.05722244  0.13149184]8
[ 0.16289935 -1.07383156]2
[ 0.21738631 -0.95271528]2
[-1.33930397  0.30416641]9
[ 0.39331672 -0.82312119]2
[-1.05325496  1.01460338]7
[-0.38375837 -0.44593608]3
[-0.34848902  0.49029538]5
[-0.67213732  2.0274291 ]9
[ 0.19615074  3.43346   ]1
[ 0.38793051 -0.06822954]8
[ 2.58286047 -1.9682126 ]0
[-0.12403151 -0.77418923]2
[ 0.10324677 -1.89571619]0
[ 0.84618592 -0.36837521]5
[-0.33799323 -0.5713321 ]2
[ 0.49197099  3.82698131]1
[-0.25563097 -0.27978921]3
[-1.58258998  1.64317393]7
[ 1.75927937 -0.60685527]6
[-1.16895115  1.17975879]7
[ 0.91060317  3.13695383]1
[-0.36982965 -0.75373578]2
[-0.35547969 -0.67456639]5
[ 0.10006242  0.04097891]8
[-0.83248651 -2.72585559]0
[-0.05956106 -0.32449162]3
[-0.72708595  0.71540594]7
[-0.16166911  0.05371043]2
[-1.36752665  1.06740034]4
[ 1.19174445 -0.46712071]0
[-2.48099375  0.91597509]9
[ 0.92970335  2.73427939]1
[ 0.93699688  0.34298041]8
[-1.32946372 -1.34502053]6
[-0.29484719  1.80119514]7
[ 0.12028872  1.71706843]7
[-2.69768834  0.79998183]4
[ 0.10876355 -0.17604113]3
[ 0.12148396  0.66636705]4
[-0.90451658 -0.04578793]9
[ 1.320122    2.51635218]1
[-0.09330258  0.67287552]9
[ 0.50231534 -0.46179801]5
[ 1.01173377  2.98987293]1
[-0.17288572  0.83022594]7
[-0.20962444 -0.53989184]3
[-2.11329341  0.70178056]9
[-0.9956848   2.46784544]7
[-1.57542121 -1.00043142]6
[-1.16507065  0.50040352]9
[ 0.77471733  3.46596742]1
[ 0.52351987 -0.40519583]3
[-1.37848389  0.10522935]7
[ 0.50545591  0.48507318]8
[ 0.06115472 -0.41640544]3
[-0.09966984 -0.16950321]3
[ 1.36188853 -0.5283497 ]6
[-1.23600852  1.97928953]7
[ 0.28230357 -1.03760338]2
[-0.75461513 -0.06555335]8
[ 0.14336543  0.7470783 ]5
[ 0.45297116  0.16783795]8
[ 1.06191313  0.27179042]5
[ 1.48441279  2.76858354]1
[ 0.54419792  3.70281601]1
[-1.80996346  0.69353211]4
[-0.79918218  0.61150718]4
[-0.39561027  0.51427424]3
[-0.09802302  4.13734961]1
[ 0.34158382 -3.03879237]0
[-0.09183247  1.57559609]7
[-1.48869312  1.24053812]7
[ 0.80147684 -2.41259575]0
[-1.1379168  1.4051019]7
[-2.10730171  1.03618479]9
[-0.56281418  1.53951049]4
[-1.37066472  0.67202461]4
[ 0.45626119  0.23776788]8
[ 0.67016369  0.10205397]5
[ 0.66144115 -0.38132504]5
[-2.70555115  0.78975773]4
[-0.49412143 -2.11846566]0
[-0.21858658 -0.24738258]8
[-0.29976168 -0.84997416]2
[ 1.1170342   3.19940114]1
[-1.07411838 -1.20236182]0
[ 0.3117331   0.16569647]8
[-0.84161007  0.1724202 ]4
[-0.20252149 -0.50832021]5
[-0.92433405 -2.21987629]0
[-1.35434222  0.47756466]4
[  8.24949238e-04  -1.31360495e+00]0
[-1.77264535 -0.58710337]6
[ 1.50650501  3.09051394]1
[-0.58085787  0.8555361 ]7
[-0.00608039 -0.13445708]3
[-0.04145356 -0.26481864]2
[ 1.41861022 -0.69872653]6
[-1.24275553  0.91386008]7
[-0.10004755 -1.08008301]2
[-1.3530997 -1.4079963]6
[-2.33111691  0.61205721]9
[ 0.36266309 -0.40450996]3
[ 0.72113854  3.34246731]1
[-0.97811043  0.19468015]4
[-1.51756585 -1.87657857]6
[-0.16798204 -0.31931248]2
[ 0.77937543 -0.42249441]5
[-2.66188073  1.12647438]4
[ 0.00303731 -0.00390047]2
[-0.10149311 -3.4626615 ]0
[ 1.68040681 -0.69622052]6
[ 0.2705929 -1.7514832]2
[ 1.75134957  1.55285323]1
[-1.16985023  1.93622923]7
[-0.03996715 -0.08167885]3
[-2.39302635  0.51389289]4
[ 1.4653579   3.03518105]1
[-0.21852769 -2.19092107]0
[-0.21864238 -0.1534442 ]5
[-1.54683018  1.40655971]4
[ 0.2522743  -0.49958652]3
[ 1.54130268  2.99590898]1
[ 0.61952698  3.81074166]1
[-0.61803108  1.64761031]7
[-1.89023638  1.57549763]4
[-0.68390983  1.37443721]9
[-0.36549288  1.65150595]9
[-0.33959827  1.84672642]4
[ 0.23900314  0.28343424]8
[-0.84102643  0.07002029]4
[-0.92740899 -2.25725961]0
[-0.2947543  -1.41008067]2
[-1.61642444  1.70834577]4
[-0.12316822 -0.03850791]5
[ 2.61082244  2.45828176]1
[ 0.98336709  2.37855458]1
[ 0.49543926 -0.57815671]6
[-0.37567493  0.48891714]4
[-1.66501021  1.09103084]7
[ 0.75328141  3.21222925]1
[-2.18184352  1.21964216]9
[-3.01006365  1.6416291 ]4
[ 0.03431406 -0.76773381]2
[-1.13293767 -0.00705108]4
[ 0.2846033   2.63238978]1
[-0.10172236 -0.13215068]5
[ 0.52126306  0.54307914]5
[-0.19290386 -0.34004042]3
[-0.05682942 -0.29258442]8
[-0.21916017 -0.47527134]3
[ 1.03462076  3.60963297]1
[-1.26726878  0.23040047]4
[-0.20863225 -0.23687497]5
[-2.28949714 -0.4089857 ]6
[-0.36603701 -0.01720829]8
[-2.00226593  1.42477667]9
[-2.22914267  0.54657876]4
[ 0.99425942  2.03068519]1
[-0.83127624  0.19750381]5
[-0.18457972 -0.34555456]3
[ 0.0158032  -0.04441369]8
[ 0.55905885 -2.44315767]0
[ 0.08558885 -0.55122197]3
[ 0.17176512 -1.12487233]2
[ 0.45981812  0.76867461]5
[-0.08076164  3.79668403]1
[-0.19461645 -0.96164417]2
[ 0.01872279 -0.32913405]8
[-0.14878148 -0.40105036]3
[-1.16108513  0.71374321]4
[-0.9182862   0.05229822]4
[-0.97708851 -1.53907156]0
[ 0.42573589  0.30810192]8
[-0.08101543 -0.17555898]8
[-0.10937829 -0.44489682]3
[ 0.04124842 -0.47791731]3
[ 1.03690004  3.26122522]1
[-0.33295903 -0.05992571]7
[ 0.34044603 -0.33565241]3
[ 0.14857127 -0.22805874]5
[-0.18508215  0.62428701]9
[-3.5853219  -0.18502325]6
[ 0.15885624 -0.54388732]3
[-0.09193544 -0.79553831]2
[-2.20300722 -1.78160572]6
[ 0.52257603  2.12710309]1
[ 0.19981605 -0.59607017]3
[-2.56014705 -1.10760784]6
[-0.47793466 -2.32390809]0
[-0.7716583   0.75180101]7
[ 0.81296784 -1.25369668]2
[ 1.4337157   2.33216906]1
[-1.20720375  1.15039134]7
[ 1.07095981  2.62820935]1
[-0.01475092  0.4972671 ]4
[ 0.10689901 -0.7531811 ]2
[ 2.07530761  0.22679067]4
[ 0.18638986 -0.69116497]2
[ 1.15384209  2.59865355]1
[-1.16899371  1.90694332]7
[-0.98877144  1.53117001]9
[ 1.39684343 -0.67438912]6
[ 1.72415841  2.97366667]1
[ 1.74351335  1.96550155]1
[-0.1145075  -0.74984503]2
[-1.65524256  0.44209895]4
[ 0.65529013 -0.43945608]8
[ 1.26556766  1.40977228]1
[-0.97935301  0.57495332]7
[-0.02350139  1.48304582]7
[-1.29779661  0.2447094 ]4
[-0.09710853  0.04643542]8
[ 0.33090973 -3.15549827]0
[-0.12100708  0.31302711]7
[-0.00706808 -0.23479997]3
[ 2.19855595  1.90009713]1
[-0.04703273 -0.55787861]3
[ 0.95755434  2.11990595]1
[ 0.50177884 -2.12225199]0
[-1.09610355  0.99375117]7
[ 0.19918005  0.92709231]7
[-0.33138162 -1.7494235 ]0
[ 0.00596727 -0.17447218]3
[ 0.42010137  0.25029561]5
[ 0.72803307 -0.37219405]5
[ 0.54220289 -1.03474748]2
[-1.13381338  1.86214542]7
[-1.76570022 -1.22101152]6
[-1.72562373 -0.90105295]6
[-2.30041742  1.0899111 ]9
[ 0.56904608 -1.02278018]2
[-0.14458056  0.11145574]8
[ 0.258643   -0.42607474]3
[ 0.10334051 -0.14020285]5
[-0.2113457  -0.80246794]2
[ 0.16280532 -0.99850476]2
[ 0.14865695  0.12895325]5
[ 1.23425615 -0.40521073]6
[ 0.50141847 -3.04553413]0
[ 0.20558007  0.08980906]8
[ 0.15120345 -0.98204434]2
[ 0.17567517  1.26241183]9
[ 0.52458078 -1.03050601]2
[-0.19403858 -0.39611942]8
[-0.36619473 -0.61737001]8
[-0.30590189 -0.14794904]8
[ 0.26208982 -0.01784226]8
[ 0.21880683  0.8462919 ]7
[-2.46745062  0.73952198]4
[-0.34442449  1.37685895]9
[ 0.16176954 -0.4052096 ]3
[-0.01841559 -1.78361738]0
[-2.2876966  -0.39913553]6
[-2.08208632 -1.45775414]6
[ 0.46658555 -0.25886887]3
[ 0.04448444 -1.15830803]2
[ 1.07987666  3.06173706]1
[ 0.32368931 -0.31977963]3
[ 0.10356751 -0.82540858]2
[-0.12023603 -0.98756421]2
[-1.53873038  0.72952127]9
[-0.26401484 -0.53604484]3
[-0.01456472 -0.84938502]0
[ 0.85194695 -1.84605491]0
[-0.11282072  0.0443759 ]5
[-0.06097053  1.00859785]7
[-0.13917878 -0.12649122]8
[ 0.57815969  1.12248468]1
[-0.90997171  0.07807481]4
[-2.38267159  1.96124601]4
[-1.94287002 -0.9566462 ]6
[-0.61466444 -2.09810925]0
[-0.2190637  -0.99055386]2
[-1.56995249  0.9035778 ]9
[ 2.42265916  2.59034705]1
[-0.40336651  0.94738805]4
[-1.21977496  0.06719291]7
[-0.86262017  0.75179696]4
[-0.39593884  1.5416348 ]7
[ 0.23525034 -0.42534322]3
[-1.48207283  0.05983198]9
[ 0.89783639  0.55004442]8
[ 0.34672907 -0.19435012]8
[-0.66914129 -0.01029143]4
[-1.14711583  1.47613084]7
[ 1.00107312  4.02829838]1
[-0.62638289 -0.64443994]2
[ 1.51923442  3.58857799]1
[ 0.19035929 -1.02144444]2
[ 0.13755873 -0.39123935]2
[-0.13361502 -0.2855058 ]3
[ 0.00261596  0.44003871]2
[-0.00876137 -0.31918618]3
[ 0.32471213 -1.01855981]2
[ 0.17425267 -0.5076068 ]3
[-1.41826165  0.56693447]9
[ 1.58681953  3.86832976]1
[ 0.10719166  1.41381216]7
[-2.47438383  1.06188047]4
[-0.81546539 -2.0032413 ]0
[ 0.01762981 -0.51551557]3
[-0.22964002  0.05314937]5
[ 0.42890316  0.1819239 ]5
[ 0.11342699 -0.05997159]8
[-0.97052711 -1.16024244]6
[-0.12838049 -0.19057393]3
[-0.05060635 -0.77777219]2
[ 0.63042271 -0.44525462]6
[-0.897695    1.32438254]7
[-2.0947206  -0.80766058]6
[ 1.68183827 -0.42336139]6
[-0.31984228  0.14611104]3
[-0.08861335 -0.69261944]2
[-1.39552879  2.28736782]7
[-0.36442247  0.32735822]8
[ 0.89877599  4.04723883]1
[ 0.54096127  3.51000452]1
[ 0.2364351  0.9145093]7
[-0.64094126  0.51023912]5
[-1.08003008 -0.84944296]6
[-0.74111825  1.75516438]4
[-3.0613265   1.53458321]9
[ 0.49014449 -0.3202042 ]5
[-0.52466673 -0.75726092]1
[ 0.17543367 -0.50971282]3
[ 0.22216223 -0.45990494]3
[-3.44724107  0.90792155]4
[-0.21232335  1.992342  ]7
[ 0.62079644  0.31933823]8
[-1.51338744  1.8372159 ]9
[ 1.5063808   3.15815687]1
[ 2.56885815  2.81084156]1
[ 0.71024328 -1.87712216]6
[-0.31299663  1.49543488]9
[ 1.20046639  2.43454123]1
[-1.79448104  1.00827205]4
[-0.51464218  0.50251222]4
[-0.04895683  0.03022194]5
[-1.66244757  0.58613718]4
[-0.36482805 -3.60586619]0
[-1.40860915 -1.42475176]6
[-0.26488021 -0.86609054]2
[-0.09636309 -0.78583288]2
[ 0.02243693 -0.10494861]3
[ 1.34729242  1.16473413]1
[ 0.16469473 -0.07553585]5
[ 0.32418293  2.99512196]1
[-0.05513243 -0.95271373]2
[ 0.09173242 -2.35831785]0
[ 0.13703892 -0.05887789]3
[ 0.74637848  0.71496272]8
[ 1.1192311   3.72393966]1
[-0.06563573 -0.69822723]2
[ 1.58676958 -0.65396917]6
[-1.24100709  1.48232031]7
[ 0.39268506  3.47521496]1
[-0.64886814 -0.89996636]6
[ 0.16573513 -0.71469426]2
[ 0.01963807  0.02925321]3
[-1.14448237  0.74175727]9
[ 0.62162584 -1.86665082]0
[ 0.12155355  3.31645179]1
[ 0.2408893  -1.65410423]2
[ 0.16501838 -0.91439474]2
[ 0.30380163 -3.29691815]0
[-0.30602175  0.17216444]8
